Input Number, Run_Number, Result@ 100, X1, Y
In01, Run: 001, P, 0, 2
In01, Run: 002, P, 0, 2
In01, Run: 003, P, 0, 2
In01, Run: 004, P, 0, 2
In01, Run: 005, P, 0, 4
In01, Run: 006, P, 0, 0
In01, Run: 007, P, 0, 0
In01, Run: 008, P, 0, 2
In01, Run: 009, P, 0, 0
In01, Run: 010, P, 0, 0
In01, Run: 011, P, 0, 0
In01, Run: 012, P, 0, 2
In01, Run: 013, P, 0, 2
In01, Run: 014, P, 0, 4
In01, Run: 015, P, 0, 2
In01, Run: 016, P, 0, 0
In01, Run: 017, P, 0, 0
In01, Run: 018, P, 0, 2
In01, Run: 019, P, 0, 2
In01, Run: 020, P, 0, 2
In01, Run: 021, P, 0, 0
In01, Run: 022, P, 0, 2
In01, Run: 023, P, 0, 2
In01, Run: 024, P, 0, 2
In01, Run: 025, P, 0, 0
In01, Run: 026, P, 0, 2
In01, Run: 027, P, 0, 2
In01, Run: 028, P, 0, 0
In01, Run: 029, P, 0, 2
In01, Run: 030, P, 0, 2
In01, Run: 031, P, 0, 4
In01, Run: 032, P, 0, 2
In01, Run: 033, P, 0, 2
In01, Run: 034, P, 0, 2
In01, Run: 035, P, 0, 4
In01, Run: 036, P, 0, 0
In01, Run: 037, P, 0, 2
In01, Run: 038, P, 0, 2
In01, Run: 039, P, 0, 2
In01, Run: 040, P, 0, 0
In01, Run: 041, P, 0, 2
In01, Run: 042, P, 0, 2
In01, Run: 043, P, 0, 0
In01, Run: 044, P, 0, 2
In01, Run: 045, P, 0, 2
In01, Run: 046, P, 0, 2
In01, Run: 047, P, 0, 2
In01, Run: 048, P, 0, 0
In01, Run: 049, P, 0, 0
In01, Run: 050, P, 0, 0
In01, Run: 051, P, 0, 2
In01, Run: 052, P, 0, 2
In01, Run: 053, P, 0, 2
In01, Run: 054, P, 0, 0
In01, Run: 055, P, 0, 2
In01, Run: 056, P, 0, 2
In01, Run: 057, P, 0, 0
In01, Run: 058, P, 0, 0
In01, Run: 059, P, 0, 2
In01, Run: 060, P, 0, 2
In01, Run: 061, P, 0, 4
In01, Run: 062, P, 0, 2
In01, Run: 063, P, 0, 2
In01, Run: 064, P, 0, 0
In01, Run: 065, P, 0, 2
In01, Run: 066, P, 0, 0
In01, Run: 067, P, 0, 2
In01, Run: 068, P, 0, 0
In01, Run: 069, P, 0, 0
In01, Run: 070, P, 0, 0
In01, Run: 071, P, 0, 0
In01, Run: 072, P, 0, 2
In01, Run: 073, P, 0, 0
In01, Run: 074, P, 0, 0
In01, Run: 075, P, 0, 0
In01, Run: 076, P, 0, 2
In01, Run: 077, P, 0, 4
In01, Run: 078, P, 0, 2
In01, Run: 079, P, 0, 2
In01, Run: 080, P, 0, 2
In01, Run: 081, P, 0, 0
In01, Run: 082, P, 0, 0
In01, Run: 083, P, 0, 0
In01, Run: 084, P, 0, 2
In01, Run: 085, P, 0, 0
In01, Run: 086, P, 0, 2
In01, Run: 087, P, 0, 2
In01, Run: 088, P, 0, 2
In01, Run: 089, P, 0, 4
In01, Run: 090, P, 0, 2
In01, Run: 091, P, 0, 0
In01, Run: 092, P, 0, 2
In01, Run: 093, P, 0, 0
In01, Run: 094, P, 0, 2
In01, Run: 095, P, 0, 0
In01, Run: 096, P, 0, 0
In01, Run: 097, P, 0, 2
In01, Run: 098, P, 0, 2
In01, Run: 099, P, 0, 2
In01, Run: 100, P, 0, 0
In02, Run: 001, P, 0, 2
In02, Run: 002, P, 0, 2
In02, Run: 003, P, 0, 2
In02, Run: 004, P, 0, 2
In02, Run: 005, P, 0, 2
In02, Run: 006, P, 0, 0
In02, Run: 007, P, 0, 2
In02, Run: 008, P, 0, 2
In02, Run: 009, P, 0, 2
In02, Run: 010, P, 0, 2
In02, Run: 011, P, 0, 2
In02, Run: 012, P, 0, 2
In02, Run: 013, P, 0, 0
In02, Run: 014, P, 0, 2
In02, Run: 015, P, 0, 2
In02, Run: 016, P, 0, 2
In02, Run: 017, P, 0, 2
In02, Run: 018, P, 0, 2
In02, Run: 019, P, 0, 2
In02, Run: 020, P, 0, 4
In02, Run: 021, P, 0, 0
In02, Run: 022, P, 0, 4
In02, Run: 023, P, 0, 2
In02, Run: 024, P, 0, 2
In02, Run: 025, P, 0, 4
In02, Run: 026, P, 0, 4
In02, Run: 027, P, 0, 2
In02, Run: 028, P, 0, 2
In02, Run: 029, P, 0, 2
In02, Run: 030, P, 0, 2
In02, Run: 031, P, 0, 0
In02, Run: 032, P, 0, 2
In02, Run: 033, P, 0, 2
In02, Run: 034, P, 0, 0
In02, Run: 035, P, 0, 0
In02, Run: 036, P, 0, 4
In02, Run: 037, P, 0, 2
In02, Run: 038, P, 0, 2
In02, Run: 039, P, 0, 2
In02, Run: 040, P, 0, 2
In02, Run: 041, P, 0, 4
In02, Run: 042, P, 0, 2
In02, Run: 043, P, 0, 2
In02, Run: 044, P, 0, 2
In02, Run: 045, P, 0, 0
In02, Run: 046, P, 0, 2
In02, Run: 047, P, 0, 2
In02, Run: 048, P, 0, 2
In02, Run: 049, P, 0, 4
In02, Run: 050, P, 0, 2
In02, Run: 051, P, 0, 2
In02, Run: 052, P, 0, 2
In02, Run: 053, P, 0, 0
In02, Run: 054, P, 0, 2
In02, Run: 055, P, 0, 0
In02, Run: 056, P, 0, 6
In02, Run: 057, P, 0, 0
In02, Run: 058, P, 0, 2
In02, Run: 059, P, 0, 0
In02, Run: 060, P, 0, 2
In02, Run: 061, P, 0, 4
In02, Run: 062, P, 0, 0
In02, Run: 063, P, 0, 0
In02, Run: 064, P, 0, 2
In02, Run: 065, P, 0, 2
In02, Run: 066, P, 0, 2
In02, Run: 067, P, 0, 2
In02, Run: 068, P, 0, 0
In02, Run: 069, P, 0, 0
In02, Run: 070, P, 0, 4
In02, Run: 071, P, 0, 2
In02, Run: 072, P, 0, 2
In02, Run: 073, P, 0, 4
In02, Run: 074, P, 0, 2
In02, Run: 075, P, 0, 2
In02, Run: 076, P, 0, 4
In02, Run: 077, P, 0, 0
In02, Run: 078, P, 0, 2
In02, Run: 079, P, 0, 0
In02, Run: 080, P, 0, 2
In02, Run: 081, P, 0, 0
In02, Run: 082, P, 0, 0
In02, Run: 083, P, 0, 0
In02, Run: 084, P, 0, 2
In02, Run: 085, P, 0, 0
In02, Run: 086, P, 0, 0
In02, Run: 087, P, 0, 2
In02, Run: 088, P, 0, 0
In02, Run: 089, P, 0, 2
In02, Run: 090, P, 0, 2
In02, Run: 091, P, 0, 0
In02, Run: 092, P, 0, 2
In02, Run: 093, P, 0, 0
In02, Run: 094, P, 0, 0
In02, Run: 095, P, 0, 0
In02, Run: 096, P, 0, 0
In02, Run: 097, P, 0, 4
In02, Run: 098, P, 0, 0
In02, Run: 099, P, 0, 2
In02, Run: 100, P, 0, 4
In03, Run: 001, P, 0, 2
In03, Run: 002, P, 0, 2
In03, Run: 003, P, 0, 2
In03, Run: 004, P, 0, 2
In03, Run: 005, P, 0, 0
In03, Run: 006, P, 0, 4
In03, Run: 007, P, 0, 4
In03, Run: 008, P, 0, 2
In03, Run: 009, P, 0, 2
In03, Run: 010, P, 0, 2
In03, Run: 011, P, 0, 2
In03, Run: 012, P, 0, 2
In03, Run: 013, P, 0, 0
In03, Run: 014, P, 0, 0
In03, Run: 015, P, 0, 2
In03, Run: 016, P, 0, 2
In03, Run: 017, P, 0, 2
In03, Run: 018, P, 0, 2
In03, Run: 019, P, 0, 2
In03, Run: 020, P, 0, 2
In03, Run: 021, P, 0, 2
In03, Run: 022, P, 0, 2
In03, Run: 023, P, 0, 2
In03, Run: 024, P, 0, 4
In03, Run: 025, P, 0, 2
In03, Run: 026, P, 0, 2
In03, Run: 027, P, 0, 0
In03, Run: 028, P, 0, 2
In03, Run: 029, P, 0, 0
In03, Run: 030, P, 0, 0
In03, Run: 031, P, 0, 0
In03, Run: 032, P, 0, 2
In03, Run: 033, P, 0, 0
In03, Run: 034, P, 0, 0
In03, Run: 035, P, 0, 2
In03, Run: 036, P, 0, 0
In03, Run: 037, P, 0, 0
In03, Run: 038, P, 0, 0
In03, Run: 039, P, 0, 2
In03, Run: 040, P, 0, 2
In03, Run: 041, P, 0, 2
In03, Run: 042, P, 0, 0
In03, Run: 043, P, 0, 0
In03, Run: 044, P, 0, 0
In03, Run: 045, P, 0, 2
In03, Run: 046, P, 0, 2
In03, Run: 047, P, 0, 2
In03, Run: 048, P, 0, 2
In03, Run: 049, P, 0, 0
In03, Run: 050, P, 0, 0
In03, Run: 051, P, 0, 0
In03, Run: 052, P, 0, 0
In03, Run: 053, P, 0, 2
In03, Run: 054, P, 0, 2
In03, Run: 055, P, 0, 0
In03, Run: 056, P, 0, 0
In03, Run: 057, P, 0, 0
In03, Run: 058, P, 0, 4
In03, Run: 059, P, 0, 2
In03, Run: 060, P, 0, 0
In03, Run: 061, P, 0, 2
In03, Run: 062, P, 0, 2
In03, Run: 063, P, 0, 2
In03, Run: 064, P, 0, 2
In03, Run: 065, P, 0, 0
In03, Run: 066, P, 0, 0
In03, Run: 067, P, 0, 0
In03, Run: 068, P, 0, 2
In03, Run: 069, P, 0, 0
In03, Run: 070, P, 0, 2
In03, Run: 071, P, 0, 2
In03, Run: 072, P, 0, 0
In03, Run: 073, P, 0, 0
In03, Run: 074, P, 0, 0
In03, Run: 075, P, 0, 2
In03, Run: 076, P, 0, 2
In03, Run: 077, P, 0, 2
In03, Run: 078, P, 0, 2
In03, Run: 079, P, 0, 2
In03, Run: 080, P, 0, 2
In03, Run: 081, P, 0, 0
In03, Run: 082, P, 0, 0
In03, Run: 083, P, 0, 2
In03, Run: 084, P, 0, 0
In03, Run: 085, P, 0, 2
In03, Run: 086, P, 0, 2
In03, Run: 087, P, 0, 0
In03, Run: 088, P, 0, 0
In03, Run: 089, P, 0, 0
In03, Run: 090, P, 0, 0
In03, Run: 091, P, 0, 2
In03, Run: 092, P, 0, 0
In03, Run: 093, P, 0, 2
In03, Run: 094, P, 0, 0
In03, Run: 095, P, 0, 2
In03, Run: 096, P, 0, 2
In03, Run: 097, P, 0, 0
In03, Run: 098, P, 0, 2
In03, Run: 099, P, 0, 2
In03, Run: 100, P, 0, 4
In04, Run: 001, P, 0, 1
In04, Run: 002, P, 0, 3
In04, Run: 003, P, 0, 3
In04, Run: 004, P, 0, 3
In04, Run: 005, P, 0, 1
In04, Run: 006, P, 0, 1
In04, Run: 007, P, 0, 1
In04, Run: 008, P, 0, 1
In04, Run: 009, P, 0, 3
In04, Run: 010, P, 0, 1
In04, Run: 011, P, 0, 1
In04, Run: 012, P, 0, 1
In04, Run: 013, P, 0, 1
In04, Run: 014, P, 0, 1
In04, Run: 015, P, 0, 3
In04, Run: 016, P, 0, 1
In04, Run: 017, P, 0, 3
In04, Run: 018, P, 0, 3
In04, Run: 019, P, 0, 1
In04, Run: 020, P, 0, 3
In04, Run: 021, P, 0, 1
In04, Run: 022, P, 0, 1
In04, Run: 023, P, 0, 1
In04, Run: 024, P, 0, 3
In04, Run: 025, P, 0, 1
In04, Run: 026, P, 0, 3
In04, Run: 027, P, 0, 1
In04, Run: 028, P, 0, 1
In04, Run: 029, P, 0, 1
In04, Run: 030, P, 0, 1
In04, Run: 031, P, 0, 1
In04, Run: 032, P, 0, 1
In04, Run: 033, P, 0, 3
In04, Run: 034, P, 0, 1
In04, Run: 035, P, 0, 1
In04, Run: 036, P, 0, 3
In04, Run: 037, P, 0, 1
In04, Run: 038, P, 0, 3
In04, Run: 039, P, 0, 1
In04, Run: 040, P, 0, 1
In04, Run: 041, P, 0, 1
In04, Run: 042, P, 0, 1
In04, Run: 043, P, 0, 1
In04, Run: 044, P, 0, 1
In04, Run: 045, P, 0, 3
In04, Run: 046, P, 0, 1
In04, Run: 047, P, 0, 3
In04, Run: 048, P, 0, 3
In04, Run: 049, P, 0, 1
In04, Run: 050, P, 0, 1
In04, Run: 051, P, 0, 1
In04, Run: 052, P, 0, 1
In04, Run: 053, P, 0, 1
In04, Run: 054, P, 0, 1
In04, Run: 055, P, 0, 1
In04, Run: 056, P, 0, 1
In04, Run: 057, P, 0, 1
In04, Run: 058, P, 0, 5
In04, Run: 059, P, 0, 1
In04, Run: 060, P, 0, 1
In04, Run: 061, P, 0, 1
In04, Run: 062, P, 0, 3
In04, Run: 063, P, 0, 1
In04, Run: 064, P, 0, 1
In04, Run: 065, P, 0, 1
In04, Run: 066, P, 0, 1
In04, Run: 067, P, 0, 1
In04, Run: 068, P, 0, 1
In04, Run: 069, P, 0, 1
In04, Run: 070, P, 0, 1
In04, Run: 071, P, 0, 3
In04, Run: 072, P, 0, 3
In04, Run: 073, P, 0, 3
In04, Run: 074, P, 0, 3
In04, Run: 075, P, 0, 5
In04, Run: 076, P, 0, 5
In04, Run: 077, P, 0, 1
In04, Run: 078, P, 0, 1
In04, Run: 079, P, 0, 1
In04, Run: 080, P, 0, 1
In04, Run: 081, P, 0, 3
In04, Run: 082, P, 0, 3
In04, Run: 083, P, 0, 1
In04, Run: 084, P, 0, 3
In04, Run: 085, P, 0, 1
In04, Run: 086, P, 0, 3
In04, Run: 087, P, 0, 1
In04, Run: 088, P, 0, 3
In04, Run: 089, P, 0, 1
In04, Run: 090, P, 0, 1
In04, Run: 091, P, 0, 3
In04, Run: 092, P, 0, 1
In04, Run: 093, P, 0, 1
In04, Run: 094, P, 0, 1
In04, Run: 095, P, 0, 3
In04, Run: 096, P, 0, 1
In04, Run: 097, P, 0, 1
In04, Run: 098, P, 0, 1
In04, Run: 099, P, 0, 1
In04, Run: 100, P, 0, 3
In05, Run: 001, P, 0, 2
In05, Run: 002, P, 0, 0
In05, Run: 003, P, 0, 2
In05, Run: 004, P, 0, 4
In05, Run: 005, P, 0, 2
In05, Run: 006, P, 0, 0
In05, Run: 007, P, 0, 2
In05, Run: 008, P, 0, 4
In05, Run: 009, P, 0, 0
In05, Run: 010, P, 0, 2
In05, Run: 011, P, 0, 2
In05, Run: 012, P, 0, 2
In05, Run: 013, P, 0, 0
In05, Run: 014, P, 0, 0
In05, Run: 015, P, 0, 2
In05, Run: 016, P, 0, 2
In05, Run: 017, P, 0, 0
In05, Run: 018, P, 0, 2
In05, Run: 019, P, 0, 2
In05, Run: 020, P, 0, 2
In05, Run: 021, P, 0, 4
In05, Run: 022, P, 0, 0
In05, Run: 023, P, 0, 2
In05, Run: 024, P, 0, 0
In05, Run: 025, P, 0, 0
In05, Run: 026, P, 0, 0
In05, Run: 027, P, 0, 0
In05, Run: 028, P, 0, 4
In05, Run: 029, P, 0, 4
In05, Run: 030, P, 0, 4
In05, Run: 031, P, 0, 0
In05, Run: 032, P, 0, 4
In05, Run: 033, P, 0, 4
In05, Run: 034, P, 0, 4
In05, Run: 035, P, 0, 2
In05, Run: 036, P, 0, 2
In05, Run: 037, P, 0, 0
In05, Run: 038, P, 0, 0
In05, Run: 039, P, 0, 4
In05, Run: 040, P, 0, 2
In05, Run: 041, P, 0, 2
In05, Run: 042, P, 0, 2
In05, Run: 043, P, 0, 2
In05, Run: 044, P, 0, 2
In05, Run: 045, P, 0, 2
In05, Run: 046, P, 0, 0
In05, Run: 047, P, 0, 2
In05, Run: 048, P, 0, 4
In05, Run: 049, P, 0, 2
In05, Run: 050, P, 0, 4
In05, Run: 051, P, 0, 2
In05, Run: 052, P, 0, 2
In05, Run: 053, P, 0, 2
In05, Run: 054, P, 0, 2
In05, Run: 055, P, 0, 2
In05, Run: 056, P, 0, 0
In05, Run: 057, P, 0, 0
In05, Run: 058, P, 0, 2
In05, Run: 059, P, 0, 0
In05, Run: 060, P, 0, 2
In05, Run: 061, P, 0, 2
In05, Run: 062, P, 0, 2
In05, Run: 063, P, 0, 2
In05, Run: 064, P, 0, 2
In05, Run: 065, P, 0, 0
In05, Run: 066, P, 0, 0
In05, Run: 067, P, 0, 2
In05, Run: 068, P, 0, 2
In05, Run: 069, P, 0, 2
In05, Run: 070, P, 0, 2
In05, Run: 071, P, 0, 0
In05, Run: 072, P, 0, 2
In05, Run: 073, P, 0, 2
In05, Run: 074, P, 0, 4
In05, Run: 075, P, 0, 2
In05, Run: 076, P, 0, 0
In05, Run: 077, P, 0, 0
In05, Run: 078, P, 0, 2
In05, Run: 079, P, 0, 0
In05, Run: 080, P, 0, 2
In05, Run: 081, P, 0, 0
In05, Run: 082, P, 0, 4
In05, Run: 083, P, 0, 0
In05, Run: 084, P, 0, 2
In05, Run: 085, P, 0, 0
In05, Run: 086, P, 0, 0
In05, Run: 087, P, 0, 0
In05, Run: 088, P, 0, 2
In05, Run: 089, P, 0, 2
In05, Run: 090, P, 0, 2
In05, Run: 091, P, 0, 2
In05, Run: 092, P, 0, 2
In05, Run: 093, P, 0, 2
In05, Run: 094, P, 0, 2
In05, Run: 095, P, 0, 2
In05, Run: 096, P, 0, 2
In05, Run: 097, P, 0, 2
In05, Run: 098, P, 0, 0
In05, Run: 099, P, 0, 2
In05, Run: 100, P, 0, 0
In06, Run: 001, P, 0, 0
In06, Run: 002, P, 0, 2
In06, Run: 003, P, 0, 2
In06, Run: 004, P, 0, 2
In06, Run: 005, P, 0, 0
In06, Run: 006, P, 0, 2
In06, Run: 007, P, 0, 0
In06, Run: 008, P, 0, 2
In06, Run: 009, P, 0, 0
In06, Run: 010, P, 0, 0
In06, Run: 011, P, 0, 2
In06, Run: 012, P, 0, 2
In06, Run: 013, P, 0, 4
In06, Run: 014, P, 0, 0
In06, Run: 015, P, 0, 2
In06, Run: 016, P, 0, 2
In06, Run: 017, P, 0, 2
In06, Run: 018, P, 0, 2
In06, Run: 019, P, 0, 2
In06, Run: 020, P, 0, 0
In06, Run: 021, P, 0, 2
In06, Run: 022, P, 0, 0
In06, Run: 023, P, 0, 0
In06, Run: 024, P, 0, 0
In06, Run: 025, P, 0, 2
In06, Run: 026, P, 0, 4
In06, Run: 027, P, 0, 2
In06, Run: 028, P, 0, 2
In06, Run: 029, P, 0, 2
In06, Run: 030, P, 0, 0
In06, Run: 031, P, 0, 4
In06, Run: 032, P, 0, 2
In06, Run: 033, P, 0, 0
In06, Run: 034, P, 0, 0
In06, Run: 035, P, 0, 0
In06, Run: 036, P, 0, 0
In06, Run: 037, P, 0, 2
In06, Run: 038, P, 0, 0
In06, Run: 039, P, 0, 2
In06, Run: 040, P, 0, 2
In06, Run: 041, P, 0, 0
In06, Run: 042, P, 0, 0
In06, Run: 043, P, 0, 2
In06, Run: 044, P, 0, 0
In06, Run: 045, P, 0, 0
In06, Run: 046, P, 0, 0
In06, Run: 047, P, 0, 4
In06, Run: 048, P, 0, 0
In06, Run: 049, P, 0, 2
In06, Run: 050, P, 0, 0
In06, Run: 051, P, 0, 0
In06, Run: 052, P, 0, 0
In06, Run: 053, P, 0, 2
In06, Run: 054, P, 0, 2
In06, Run: 055, P, 0, 0
In06, Run: 056, P, 0, 2
In06, Run: 057, P, 0, 4
In06, Run: 058, P, 0, 0
In06, Run: 059, P, 0, 2
In06, Run: 060, P, 0, 0
In06, Run: 061, P, 0, 0
In06, Run: 062, P, 0, 0
In06, Run: 063, P, 0, 2
In06, Run: 064, P, 0, 2
In06, Run: 065, P, 0, 2
In06, Run: 066, P, 0, 0
In06, Run: 067, P, 0, 2
In06, Run: 068, P, 0, 0
In06, Run: 069, P, 0, 0
In06, Run: 070, P, 0, 0
In06, Run: 071, P, 0, 2
In06, Run: 072, P, 0, 2
In06, Run: 073, P, 0, 2
In06, Run: 074, P, 0, 0
In06, Run: 075, P, 0, 2
In06, Run: 076, P, 0, 4
In06, Run: 077, P, 0, 2
In06, Run: 078, P, 0, 2
In06, Run: 079, P, 0, 2
In06, Run: 080, P, 0, 2
In06, Run: 081, P, 0, 2
In06, Run: 082, P, 0, 2
In06, Run: 083, P, 0, 2
In06, Run: 084, P, 0, 0
In06, Run: 085, P, 0, 2
In06, Run: 086, P, 0, 0
In06, Run: 087, P, 0, 4
In06, Run: 088, P, 0, 2
In06, Run: 089, P, 0, 4
In06, Run: 090, P, 0, 4
In06, Run: 091, P, 0, 2
In06, Run: 092, P, 0, 2
In06, Run: 093, P, 0, 2
In06, Run: 094, P, 0, 2
In06, Run: 095, P, 0, 2
In06, Run: 096, P, 0, 0
In06, Run: 097, P, 0, 2
In06, Run: 098, P, 0, 2
In06, Run: 099, P, 0, 2
In06, Run: 100, P, 0, 2
In07, Run: 001, P, 0, 0
In07, Run: 002, P, 0, 2
In07, Run: 003, P, 0, 2
In07, Run: 004, P, 0, 2
In07, Run: 005, P, 0, 0
In07, Run: 006, P, 0, 2
In07, Run: 007, P, 0, 2
In07, Run: 008, P, 0, 2
In07, Run: 009, P, 0, 2
In07, Run: 010, P, 0, 2
In07, Run: 011, P, 0, 2
In07, Run: 012, P, 0, 2
In07, Run: 013, P, 0, 2
In07, Run: 014, P, 0, 0
In07, Run: 015, P, 0, 0
In07, Run: 016, P, 0, 2
In07, Run: 017, P, 0, 2
In07, Run: 018, P, 0, 0
In07, Run: 019, P, 0, 0
In07, Run: 020, P, 0, 4
In07, Run: 021, P, 0, 2
In07, Run: 022, P, 0, 2
In07, Run: 023, P, 0, 0
In07, Run: 024, P, 0, 0
In07, Run: 025, P, 0, 4
In07, Run: 026, P, 0, 2
In07, Run: 027, P, 0, 4
In07, Run: 028, P, 0, 2
In07, Run: 029, P, 0, 2
In07, Run: 030, P, 0, 2
In07, Run: 031, P, 0, 0
In07, Run: 032, P, 0, 2
In07, Run: 033, P, 0, 0
In07, Run: 034, P, 0, 0
In07, Run: 035, P, 0, 2
In07, Run: 036, P, 0, 2
In07, Run: 037, P, 0, 2
In07, Run: 038, P, 0, 0
In07, Run: 039, P, 0, 2
In07, Run: 040, P, 0, 2
In07, Run: 041, P, 0, 0
In07, Run: 042, P, 0, 0
In07, Run: 043, P, 0, 2
In07, Run: 044, P, 0, 2
In07, Run: 045, P, 0, 2
In07, Run: 046, P, 0, 2
In07, Run: 047, P, 0, 2
In07, Run: 048, P, 0, 0
In07, Run: 049, P, 0, 2
In07, Run: 050, P, 0, 0
In07, Run: 051, P, 0, 2
In07, Run: 052, P, 0, 0
In07, Run: 053, P, 0, 2
In07, Run: 054, P, 0, 0
In07, Run: 055, P, 0, 0
In07, Run: 056, P, 0, 0
In07, Run: 057, P, 0, 0
In07, Run: 058, P, 0, 2
In07, Run: 059, P, 0, 0
In07, Run: 060, P, 0, 2
In07, Run: 061, P, 0, 2
In07, Run: 062, P, 0, 0
In07, Run: 063, P, 0, 2
In07, Run: 064, P, 0, 0
In07, Run: 065, P, 0, 2
In07, Run: 066, P, 0, 2
In07, Run: 067, P, 0, 2
In07, Run: 068, P, 0, 2
In07, Run: 069, P, 0, 2
In07, Run: 070, P, 0, 0
In07, Run: 071, P, 0, 2
In07, Run: 072, P, 0, 2
In07, Run: 073, P, 0, 2
In07, Run: 074, P, 0, 0
In07, Run: 075, P, 0, 4
In07, Run: 076, P, 0, 2
In07, Run: 077, P, 0, 2
In07, Run: 078, P, 0, 0
In07, Run: 079, P, 0, 2
In07, Run: 080, P, 0, 0
In07, Run: 081, P, 0, 0
In07, Run: 082, P, 0, 2
In07, Run: 083, P, 0, 0
In07, Run: 084, P, 0, 4
In07, Run: 085, P, 0, 2
In07, Run: 086, P, 0, 2
In07, Run: 087, P, 0, 2
In07, Run: 088, P, 0, 2
In07, Run: 089, P, 0, 0
In07, Run: 090, P, 0, 0
In07, Run: 091, P, 0, 0
In07, Run: 092, P, 0, 0
In07, Run: 093, P, 0, 0
In07, Run: 094, P, 0, 0
In07, Run: 095, P, 0, 2
In07, Run: 096, P, 0, 2
In07, Run: 097, P, 0, 0
In07, Run: 098, P, 0, 2
In07, Run: 099, P, 0, 2
In07, Run: 100, P, 0, 2
In08, Run: 001, P, 0, 4
In08, Run: 002, P, 0, 0
In08, Run: 003, P, 0, 2
In08, Run: 004, P, 0, 2
In08, Run: 005, P, 0, 0
In08, Run: 006, P, 0, 4
In08, Run: 007, P, 0, 0
In08, Run: 008, P, 0, 0
In08, Run: 009, P, 0, 2
In08, Run: 010, P, 0, 2
In08, Run: 011, P, 0, 2
In08, Run: 012, P, 0, 2
In08, Run: 013, P, 0, 2
In08, Run: 014, P, 0, 2
In08, Run: 015, P, 0, 0
In08, Run: 016, P, 0, 0
In08, Run: 017, P, 0, 0
In08, Run: 018, P, 0, 2
In08, Run: 019, P, 0, 0
In08, Run: 020, P, 0, 2
In08, Run: 021, P, 0, 0
In08, Run: 022, P, 0, 2
In08, Run: 023, P, 0, 0
In08, Run: 024, P, 0, 2
In08, Run: 025, P, 0, 2
In08, Run: 026, P, 0, 0
In08, Run: 027, P, 0, 0
In08, Run: 028, P, 0, 2
In08, Run: 029, P, 0, 0
In08, Run: 030, P, 0, 2
In08, Run: 031, P, 0, 0
In08, Run: 032, P, 0, 2
In08, Run: 033, P, 0, 2
In08, Run: 034, P, 0, 2
In08, Run: 035, P, 0, 2
In08, Run: 036, P, 0, 0
In08, Run: 037, P, 0, 4
In08, Run: 038, P, 0, 2
In08, Run: 039, P, 0, 4
In08, Run: 040, P, 0, 0
In08, Run: 041, P, 0, 2
In08, Run: 042, P, 0, 2
In08, Run: 043, P, 0, 0
In08, Run: 044, P, 0, 2
In08, Run: 045, P, 0, 0
In08, Run: 046, P, 0, 2
In08, Run: 047, P, 0, 2
In08, Run: 048, P, 0, 0
In08, Run: 049, P, 0, 2
In08, Run: 050, P, 0, 0
In08, Run: 051, P, 0, 0
In08, Run: 052, P, 0, 2
In08, Run: 053, P, 0, 2
In08, Run: 054, P, 0, 0
In08, Run: 055, P, 0, 2
In08, Run: 056, P, 0, 0
In08, Run: 057, P, 0, 0
In08, Run: 058, P, 0, 2
In08, Run: 059, P, 0, 0
In08, Run: 060, P, 0, 0
In08, Run: 061, P, 0, 0
In08, Run: 062, P, 0, 2
In08, Run: 063, P, 0, 2
In08, Run: 064, P, 0, 4
In08, Run: 065, P, 0, 2
In08, Run: 066, P, 0, 2
In08, Run: 067, P, 0, 2
In08, Run: 068, P, 0, 2
In08, Run: 069, P, 0, 2
In08, Run: 070, P, 0, 0
In08, Run: 071, P, 0, 0
In08, Run: 072, P, 0, 2
In08, Run: 073, P, 0, 0
In08, Run: 074, P, 0, 2
In08, Run: 075, P, 0, 2
In08, Run: 076, P, 0, 0
In08, Run: 077, P, 0, 0
In08, Run: 078, P, 0, 0
In08, Run: 079, P, 0, 0
In08, Run: 080, P, 0, 0
In08, Run: 081, P, 0, 0
In08, Run: 082, P, 0, 0
In08, Run: 083, P, 0, 0
In08, Run: 084, P, 0, 2
In08, Run: 085, P, 0, 2
In08, Run: 086, P, 0, 2
In08, Run: 087, P, 0, 4
In08, Run: 088, P, 0, 2
In08, Run: 089, P, 0, 2
In08, Run: 090, P, 0, 4
In08, Run: 091, P, 0, 2
In08, Run: 092, P, 0, 2
In08, Run: 093, P, 0, 0
In08, Run: 094, P, 0, 0
In08, Run: 095, P, 0, 2
In08, Run: 096, P, 0, 2
In08, Run: 097, P, 0, 2
In08, Run: 098, P, 0, 0
In08, Run: 099, P, 0, 0
In08, Run: 100, P, 0, 2
In09, Run: 001, P, 0, 2
In09, Run: 002, P, 0, 4
In09, Run: 003, P, 0, 2
In09, Run: 004, P, 0, 2
In09, Run: 005, P, 0, 0
In09, Run: 006, P, 0, 2
In09, Run: 007, P, 0, 2
In09, Run: 008, P, 0, 2
In09, Run: 009, P, 0, 0
In09, Run: 010, P, 0, 2
In09, Run: 011, P, 0, 2
In09, Run: 012, P, 0, 0
In09, Run: 013, P, 0, 0
In09, Run: 014, P, 0, 2
In09, Run: 015, P, 0, 2
In09, Run: 016, P, 0, 2
In09, Run: 017, P, 0, 2
In09, Run: 018, P, 0, 2
In09, Run: 019, P, 0, 2
In09, Run: 020, P, 0, 0
In09, Run: 021, P, 0, 2
In09, Run: 022, P, 0, 0
In09, Run: 023, P, 0, 2
In09, Run: 024, P, 0, 2
In09, Run: 025, P, 0, 0
In09, Run: 026, P, 0, 0
In09, Run: 027, P, 0, 2
In09, Run: 028, P, 0, 0
In09, Run: 029, P, 0, 2
In09, Run: 030, P, 0, 2
In09, Run: 031, P, 0, 2
In09, Run: 032, P, 0, 2
In09, Run: 033, P, 0, 2
In09, Run: 034, P, 0, 2
In09, Run: 035, P, 0, 0
In09, Run: 036, P, 0, 2
In09, Run: 037, P, 0, 2
In09, Run: 038, P, 0, 2
In09, Run: 039, P, 0, 2
In09, Run: 040, P, 0, 2
In09, Run: 041, P, 0, 2
In09, Run: 042, P, 0, 0
In09, Run: 043, P, 0, 4
In09, Run: 044, P, 0, 2
In09, Run: 045, P, 0, 0
In09, Run: 046, P, 0, 2
In09, Run: 047, P, 0, 0
In09, Run: 048, P, 0, 0
In09, Run: 049, P, 0, 0
In09, Run: 050, P, 0, 2
In09, Run: 051, P, 0, 2
In09, Run: 052, P, 0, 0
In09, Run: 053, P, 0, 0
In09, Run: 054, P, 0, 2
In09, Run: 055, P, 0, 0
In09, Run: 056, P, 0, 0
In09, Run: 057, P, 0, 2
In09, Run: 058, P, 0, 4
In09, Run: 059, P, 0, 0
In09, Run: 060, P, 0, 2
In09, Run: 061, P, 0, 2
In09, Run: 062, P, 0, 2
In09, Run: 063, P, 0, 2
In09, Run: 064, P, 0, 6
In09, Run: 065, P, 0, 0
In09, Run: 066, P, 0, 0
In09, Run: 067, P, 0, 2
In09, Run: 068, P, 0, 0
In09, Run: 069, P, 0, 0
In09, Run: 070, P, 0, 4
In09, Run: 071, P, 0, 0
In09, Run: 072, P, 0, 0
In09, Run: 073, P, 0, 0
In09, Run: 074, P, 0, 2
In09, Run: 075, P, 0, 2
In09, Run: 076, P, 0, 2
In09, Run: 077, P, 0, 2
In09, Run: 078, P, 0, 0
In09, Run: 079, P, 0, 2
In09, Run: 080, P, 0, 2
In09, Run: 081, P, 0, 0
In09, Run: 082, P, 0, 0
In09, Run: 083, P, 0, 2
In09, Run: 084, P, 0, 0
In09, Run: 085, P, 0, 0
In09, Run: 086, P, 0, 2
In09, Run: 087, P, 0, 2
In09, Run: 088, P, 0, 2
In09, Run: 089, P, 0, 2
In09, Run: 090, P, 0, 2
In09, Run: 091, P, 0, 2
In09, Run: 092, P, 0, 0
In09, Run: 093, P, 0, 2
In09, Run: 094, P, 0, 2
In09, Run: 095, P, 0, 2
In09, Run: 096, P, 0, 0
In09, Run: 097, P, 0, 0
In09, Run: 098, P, 0, 0
In09, Run: 099, P, 0, 0
In09, Run: 100, P, 0, 0
In10, Run: 001, P, 0, 2
In10, Run: 002, P, 0, 4
In10, Run: 003, P, 0, 0
In10, Run: 004, P, 0, 2
In10, Run: 005, P, 0, 0
In10, Run: 006, P, 0, 2
In10, Run: 007, P, 0, 4
In10, Run: 008, P, 0, 2
In10, Run: 009, P, 0, 0
In10, Run: 010, P, 0, 0
In10, Run: 011, P, 0, 2
In10, Run: 012, P, 0, 2
In10, Run: 013, P, 0, 2
In10, Run: 014, P, 0, 2
In10, Run: 015, P, 0, 2
In10, Run: 016, P, 0, 2
In10, Run: 017, P, 0, 0
In10, Run: 018, P, 0, 2
In10, Run: 019, P, 0, 0
In10, Run: 020, P, 0, 2
In10, Run: 021, P, 0, 2
In10, Run: 022, P, 0, 0
In10, Run: 023, P, 0, 2
In10, Run: 024, P, 0, 0
In10, Run: 025, P, 0, 0
In10, Run: 026, P, 0, 0
In10, Run: 027, P, 0, 0
In10, Run: 028, P, 0, 0
In10, Run: 029, P, 0, 0
In10, Run: 030, P, 0, 2
In10, Run: 031, P, 0, 0
In10, Run: 032, P, 0, 2
In10, Run: 033, P, 0, 0
In10, Run: 034, P, 0, 2
In10, Run: 035, P, 0, 2
In10, Run: 036, P, 0, 0
In10, Run: 037, P, 0, 2
In10, Run: 038, P, 0, 2
In10, Run: 039, P, 0, 2
In10, Run: 040, P, 0, 0
In10, Run: 041, P, 0, 0
In10, Run: 042, P, 0, 2
In10, Run: 043, P, 0, 0
In10, Run: 044, P, 0, 0
In10, Run: 045, P, 0, 2
In10, Run: 046, P, 0, 2
In10, Run: 047, P, 0, 2
In10, Run: 048, P, 0, 2
In10, Run: 049, P, 0, 2
In10, Run: 050, P, 0, 2
In10, Run: 051, P, 0, 2
In10, Run: 052, P, 0, 4
In10, Run: 053, P, 0, 0
In10, Run: 054, P, 0, 0
In10, Run: 055, P, 0, 0
In10, Run: 056, P, 0, 2
In10, Run: 057, P, 0, 2
In10, Run: 058, P, 0, 0
In10, Run: 059, P, 0, 0
In10, Run: 060, P, 0, 0
In10, Run: 061, P, 0, 2
In10, Run: 062, P, 0, 2
In10, Run: 063, P, 0, 2
In10, Run: 064, P, 0, 2
In10, Run: 065, P, 0, 0
In10, Run: 066, P, 0, 0
In10, Run: 067, P, 0, 2
In10, Run: 068, P, 0, 2
In10, Run: 069, P, 0, 0
In10, Run: 070, P, 0, 0
In10, Run: 071, P, 0, 0
In10, Run: 072, P, 0, 0
In10, Run: 073, P, 0, 0
In10, Run: 074, P, 0, 4
In10, Run: 075, P, 0, 0
In10, Run: 076, P, 0, 2
In10, Run: 077, P, 0, 0
In10, Run: 078, P, 0, 2
In10, Run: 079, P, 0, 2
In10, Run: 080, P, 0, 2
In10, Run: 081, P, 0, 2
In10, Run: 082, P, 0, 2
In10, Run: 083, P, 0, 2
In10, Run: 084, P, 0, 2
In10, Run: 085, P, 0, 0
In10, Run: 086, P, 0, 0
In10, Run: 087, P, 0, 4
In10, Run: 088, P, 0, 2
In10, Run: 089, P, 0, 2
In10, Run: 090, P, 0, 2
In10, Run: 091, P, 0, 0
In10, Run: 092, P, 0, 2
In10, Run: 093, P, 0, 2
In10, Run: 094, P, 0, 2
In10, Run: 095, P, 0, 2
In10, Run: 096, P, 0, 2
In10, Run: 097, P, 0, 0
In10, Run: 098, P, 0, 2
In10, Run: 099, P, 0, 2
In10, Run: 100, P, 0, 2
In11, Run: 001, P, 0, 0
In11, Run: 002, P, 0, 2
In11, Run: 003, P, 0, 2
In11, Run: 004, P, 0, 0
In11, Run: 005, P, 0, 2
In11, Run: 006, P, 0, 0
In11, Run: 007, P, 0, 2
In11, Run: 008, P, 0, 2
In11, Run: 009, P, 0, 2
In11, Run: 010, P, 0, 2
In11, Run: 011, P, 0, 2
In11, Run: 012, P, 0, 2
In11, Run: 013, P, 0, 2
In11, Run: 014, P, 0, 2
In11, Run: 015, P, 0, 0
In11, Run: 016, P, 0, 4
In11, Run: 017, P, 0, 2
In11, Run: 018, P, 0, 0
In11, Run: 019, P, 0, 2
In11, Run: 020, P, 0, 0
In11, Run: 021, P, 0, 2
In11, Run: 022, P, 0, 2
In11, Run: 023, P, 0, 2
In11, Run: 024, P, 0, 2
In11, Run: 025, P, 0, 2
In11, Run: 026, P, 0, 2
In11, Run: 027, P, 0, 2
In11, Run: 028, P, 0, 0
In11, Run: 029, P, 0, 2
In11, Run: 030, P, 0, 0
In11, Run: 031, P, 0, 0
In11, Run: 032, P, 0, 2
In11, Run: 033, P, 0, 2
In11, Run: 034, P, 0, 0
In11, Run: 035, P, 0, 0
In11, Run: 036, P, 0, 2
In11, Run: 037, P, 0, 2
In11, Run: 038, P, 0, 2
In11, Run: 039, P, 0, 0
In11, Run: 040, P, 0, 0
In11, Run: 041, P, 0, 2
In11, Run: 042, P, 0, 2
In11, Run: 043, P, 0, 2
In11, Run: 044, P, 0, 2
In11, Run: 045, P, 0, 0
In11, Run: 046, P, 0, 2
In11, Run: 047, P, 0, 0
In11, Run: 048, P, 0, 4
In11, Run: 049, P, 0, 0
In11, Run: 050, P, 0, 0
In11, Run: 051, P, 0, 4
In11, Run: 052, P, 0, 2
In11, Run: 053, P, 0, 2
In11, Run: 054, P, 0, 2
In11, Run: 055, P, 0, 0
In11, Run: 056, P, 0, 4
In11, Run: 057, P, 0, 0
In11, Run: 058, P, 0, 2
In11, Run: 059, P, 0, 2
In11, Run: 060, P, 0, 2
In11, Run: 061, P, 0, 0
In11, Run: 062, P, 0, 0
In11, Run: 063, P, 0, 0
In11, Run: 064, P, 0, 4
In11, Run: 065, P, 0, 2
In11, Run: 066, P, 0, 2
In11, Run: 067, P, 0, 2
In11, Run: 068, P, 0, 2
In11, Run: 069, P, 0, 0
In11, Run: 070, P, 0, 2
In11, Run: 071, P, 0, 6
In11, Run: 072, P, 0, 2
In11, Run: 073, P, 0, 2
In11, Run: 074, P, 0, 0
In11, Run: 075, P, 0, 4
In11, Run: 076, P, 0, 4
In11, Run: 077, P, 0, 2
In11, Run: 078, P, 0, 0
In11, Run: 079, P, 0, 2
In11, Run: 080, P, 0, 2
In11, Run: 081, P, 0, 4
In11, Run: 082, P, 0, 0
In11, Run: 083, P, 0, 2
In11, Run: 084, P, 0, 0
In11, Run: 085, P, 0, 2
In11, Run: 086, P, 0, 0
In11, Run: 087, P, 0, 0
In11, Run: 088, P, 0, 0
In11, Run: 089, P, 0, 0
In11, Run: 090, P, 0, 0
In11, Run: 091, P, 0, 2
In11, Run: 092, P, 0, 2
In11, Run: 093, P, 0, 2
In11, Run: 094, P, 0, 0
In11, Run: 095, P, 0, 2
In11, Run: 096, P, 0, 0
In11, Run: 097, P, 0, 2
In11, Run: 098, P, 0, 0
In11, Run: 099, P, 0, 2
In11, Run: 100, P, 0, 2
In12, Run: 001, P, 0, 2
In12, Run: 002, P, 0, 2
In12, Run: 003, P, 0, 2
In12, Run: 004, P, 0, 0
In12, Run: 005, P, 0, 0
In12, Run: 006, P, 0, 2
In12, Run: 007, P, 0, 0
In12, Run: 008, P, 0, 0
In12, Run: 009, P, 0, 0
In12, Run: 010, P, 0, 2
In12, Run: 011, P, 0, 2
In12, Run: 012, P, 0, 0
In12, Run: 013, P, 0, 2
In12, Run: 014, P, 0, 0
In12, Run: 015, P, 0, 0
In12, Run: 016, P, 0, 0
In12, Run: 017, P, 0, 2
In12, Run: 018, P, 0, 2
In12, Run: 019, P, 0, 2
In12, Run: 020, P, 0, 2
In12, Run: 021, P, 0, 2
In12, Run: 022, P, 0, 2
In12, Run: 023, P, 0, 4
In12, Run: 024, P, 0, 0
In12, Run: 025, P, 0, 2
In12, Run: 026, P, 0, 0
In12, Run: 027, P, 0, 2
In12, Run: 028, P, 0, 2
In12, Run: 029, P, 0, 2
In12, Run: 030, P, 0, 0
In12, Run: 031, P, 0, 0
In12, Run: 032, P, 0, 2
In12, Run: 033, P, 0, 0
In12, Run: 034, P, 0, 2
In12, Run: 035, P, 0, 2
In12, Run: 036, P, 0, 0
In12, Run: 037, P, 0, 4
In12, Run: 038, P, 0, 2
In12, Run: 039, P, 0, 2
In12, Run: 040, P, 0, 2
In12, Run: 041, P, 0, 2
In12, Run: 042, P, 0, 2
In12, Run: 043, P, 0, 0
In12, Run: 044, P, 0, 2
In12, Run: 045, P, 0, 0
In12, Run: 046, P, 0, 2
In12, Run: 047, P, 0, 2
In12, Run: 048, P, 0, 2
In12, Run: 049, P, 0, 0
In12, Run: 050, P, 0, 2
In12, Run: 051, P, 0, 0
In12, Run: 052, P, 0, 4
In12, Run: 053, P, 0, 2
In12, Run: 054, P, 0, 2
In12, Run: 055, P, 0, 0
In12, Run: 056, P, 0, 2
In12, Run: 057, P, 0, 0
In12, Run: 058, P, 0, 2
In12, Run: 059, P, 0, 0
In12, Run: 060, P, 0, 2
In12, Run: 061, P, 0, 2
In12, Run: 062, P, 0, 2
In12, Run: 063, P, 0, 2
In12, Run: 064, P, 0, 2
In12, Run: 065, P, 0, 2
In12, Run: 066, P, 0, 2
In12, Run: 067, P, 0, 0
In12, Run: 068, P, 0, 0
In12, Run: 069, P, 0, 2
In12, Run: 070, P, 0, 2
In12, Run: 071, P, 0, 2
In12, Run: 072, P, 0, 4
In12, Run: 073, P, 0, 0
In12, Run: 074, P, 0, 2
In12, Run: 075, P, 0, 2
In12, Run: 076, P, 0, 2
In12, Run: 077, P, 0, 2
In12, Run: 078, P, 0, 2
In12, Run: 079, P, 0, 2
In12, Run: 080, P, 0, 0
In12, Run: 081, P, 0, 2
In12, Run: 082, P, 0, 0
In12, Run: 083, P, 0, 0
In12, Run: 084, P, 0, 0
In12, Run: 085, P, 0, 2
In12, Run: 086, P, 0, 2
In12, Run: 087, P, 0, 0
In12, Run: 088, P, 0, 2
In12, Run: 089, P, 0, 2
In12, Run: 090, P, 0, 0
In12, Run: 091, P, 0, 2
In12, Run: 092, P, 0, 0
In12, Run: 093, P, 0, 0
In12, Run: 094, P, 0, 2
In12, Run: 095, P, 0, 2
In12, Run: 096, P, 0, 2
In12, Run: 097, P, 0, 2
In12, Run: 098, P, 0, 0
In12, Run: 099, P, 0, 0
In12, Run: 100, P, 0, 2
In13, Run: 001, P, 0, 0
In13, Run: 002, P, 0, 2
In13, Run: 003, P, 0, 0
In13, Run: 004, P, 0, 4
In13, Run: 005, P, 0, 4
In13, Run: 006, P, 0, 2
In13, Run: 007, P, 0, 0
In13, Run: 008, P, 0, 0
In13, Run: 009, P, 0, 2
In13, Run: 010, P, 0, 2
In13, Run: 011, P, 0, 2
In13, Run: 012, P, 0, 2
In13, Run: 013, P, 0, 2
In13, Run: 014, P, 0, 4
In13, Run: 015, P, 0, 2
In13, Run: 016, P, 0, 2
In13, Run: 017, P, 0, 2
In13, Run: 018, P, 0, 2
In13, Run: 019, P, 0, 4
In13, Run: 020, P, 0, 0
In13, Run: 021, P, 0, 4
In13, Run: 022, P, 0, 2
In13, Run: 023, P, 0, 2
In13, Run: 024, P, 0, 2
In13, Run: 025, P, 0, 0
In13, Run: 026, P, 0, 0
In13, Run: 027, P, 0, 0
In13, Run: 028, P, 0, 0
In13, Run: 029, P, 0, 2
In13, Run: 030, P, 0, 2
In13, Run: 031, P, 0, 2
In13, Run: 032, P, 0, 2
In13, Run: 033, P, 0, 0
In13, Run: 034, P, 0, 2
In13, Run: 035, P, 0, 0
In13, Run: 036, P, 0, 2
In13, Run: 037, P, 0, 0
In13, Run: 038, P, 0, 2
In13, Run: 039, P, 0, 0
In13, Run: 040, P, 0, 2
In13, Run: 041, P, 0, 2
In13, Run: 042, P, 0, 4
In13, Run: 043, P, 0, 2
In13, Run: 044, P, 0, 2
In13, Run: 045, P, 0, 2
In13, Run: 046, P, 0, 0
In13, Run: 047, P, 0, 0
In13, Run: 048, P, 0, 2
In13, Run: 049, P, 0, 0
In13, Run: 050, P, 0, 0
In13, Run: 051, P, 0, 2
In13, Run: 052, P, 0, 2
In13, Run: 053, P, 0, 2
In13, Run: 054, P, 0, 2
In13, Run: 055, P, 0, 2
In13, Run: 056, P, 0, 0
In13, Run: 057, P, 0, 2
In13, Run: 058, P, 0, 2
In13, Run: 059, P, 0, 0
In13, Run: 060, P, 0, 0
In13, Run: 061, P, 0, 0
In13, Run: 062, P, 0, 2
In13, Run: 063, P, 0, 2
In13, Run: 064, P, 0, 2
In13, Run: 065, P, 0, 0
In13, Run: 066, P, 0, 0
In13, Run: 067, P, 0, 2
In13, Run: 068, P, 0, 0
In13, Run: 069, P, 0, 0
In13, Run: 070, P, 0, 0
In13, Run: 071, P, 0, 0
In13, Run: 072, P, 0, 0
In13, Run: 073, P, 0, 4
In13, Run: 074, P, 0, 2
In13, Run: 075, P, 0, 4
In13, Run: 076, P, 0, 2
In13, Run: 077, P, 0, 0
In13, Run: 078, P, 0, 0
In13, Run: 079, P, 0, 2
In13, Run: 080, P, 0, 2
In13, Run: 081, P, 0, 0
In13, Run: 082, P, 0, 2
In13, Run: 083, P, 0, 0
In13, Run: 084, P, 0, 0
In13, Run: 085, P, 0, 2
In13, Run: 086, P, 0, 0
In13, Run: 087, P, 0, 6
In13, Run: 088, P, 0, 0
In13, Run: 089, P, 0, 2
In13, Run: 090, P, 0, 2
In13, Run: 091, P, 0, 0
In13, Run: 092, P, 0, 4
In13, Run: 093, P, 0, 0
In13, Run: 094, P, 0, 4
In13, Run: 095, P, 0, 0
In13, Run: 096, P, 0, 2
In13, Run: 097, P, 0, 0
In13, Run: 098, P, 0, 2
In13, Run: 099, P, 0, 2
In13, Run: 100, P, 0, 2
In14, Run: 001, P, 0, 1
In14, Run: 002, P, 0, 3
In14, Run: 003, P, 0, 1
In14, Run: 004, P, 0, 1
In14, Run: 005, P, 0, 3
In14, Run: 006, P, 0, 1
In14, Run: 007, P, 0, 1
In14, Run: 008, P, 0, 3
In14, Run: 009, P, 0, 1
In14, Run: 010, P, 0, 1
In14, Run: 011, P, 0, 1
In14, Run: 012, P, 0, 1
In14, Run: 013, P, 0, 1
In14, Run: 014, P, 0, 1
In14, Run: 015, P, 0, 1
In14, Run: 016, P, 0, 1
In14, Run: 017, P, 0, 1
In14, Run: 018, P, 0, 3
In14, Run: 019, P, 0, 1
In14, Run: 020, P, 0, 1
In14, Run: 021, P, 0, 1
In14, Run: 022, P, 0, 1
In14, Run: 023, P, 0, 1
In14, Run: 024, P, 0, 1
In14, Run: 025, P, 0, 1
In14, Run: 026, P, 0, 1
In14, Run: 027, P, 0, 1
In14, Run: 028, P, 0, 3
In14, Run: 029, P, 0, 3
In14, Run: 030, P, 0, 1
In14, Run: 031, P, 0, 1
In14, Run: 032, P, 0, 1
In14, Run: 033, P, 0, 1
In14, Run: 034, P, 0, 3
In14, Run: 035, P, 0, 1
In14, Run: 036, P, 0, 1
In14, Run: 037, P, 0, 1
In14, Run: 038, P, 0, 3
In14, Run: 039, P, 0, 1
In14, Run: 040, P, 0, 1
In14, Run: 041, P, 0, 1
In14, Run: 042, P, 0, 1
In14, Run: 043, P, 0, 1
In14, Run: 044, P, 0, 3
In14, Run: 045, P, 0, 3
In14, Run: 046, P, 0, 3
In14, Run: 047, P, 0, 1
In14, Run: 048, P, 0, 1
In14, Run: 049, P, 0, 1
In14, Run: 050, P, 0, 3
In14, Run: 051, P, 0, 1
In14, Run: 052, P, 0, 1
In14, Run: 053, P, 0, 1
In14, Run: 054, P, 0, 1
In14, Run: 055, P, 0, 3
In14, Run: 056, P, 0, 1
In14, Run: 057, P, 0, 1
In14, Run: 058, P, 0, 1
In14, Run: 059, P, 0, 1
In14, Run: 060, P, 0, 5
In14, Run: 061, P, 0, 1
In14, Run: 062, P, 0, 1
In14, Run: 063, P, 0, 1
In14, Run: 064, P, 0, 1
In14, Run: 065, P, 0, 1
In14, Run: 066, P, 0, 1
In14, Run: 067, P, 0, 1
In14, Run: 068, P, 0, 1
In14, Run: 069, P, 0, 3
In14, Run: 070, P, 0, 3
In14, Run: 071, P, 0, 1
In14, Run: 072, P, 0, 5
In14, Run: 073, P, 0, 1
In14, Run: 074, P, 0, 1
In14, Run: 075, P, 0, 3
In14, Run: 076, P, 0, 1
In14, Run: 077, P, 0, 1
In14, Run: 078, P, 0, 1
In14, Run: 079, P, 0, 1
In14, Run: 080, P, 0, 1
In14, Run: 081, P, 0, 1
In14, Run: 082, P, 0, 1
In14, Run: 083, P, 0, 1
In14, Run: 084, P, 0, 1
In14, Run: 085, P, 0, 1
In14, Run: 086, P, 0, 1
In14, Run: 087, P, 0, 1
In14, Run: 088, P, 0, 1
In14, Run: 089, P, 0, 1
In14, Run: 090, P, 0, 1
In14, Run: 091, P, 0, 1
In14, Run: 092, P, 0, 1
In14, Run: 093, P, 0, 3
In14, Run: 094, P, 0, 1
In14, Run: 095, P, 0, 1
In14, Run: 096, P, 0, 1
In14, Run: 097, P, 0, 1
In14, Run: 098, P, 0, 1
In14, Run: 099, P, 0, 1
In14, Run: 100, P, 0, 1
In15, Run: 001, P, 0, 1
In15, Run: 002, P, 0, 3
In15, Run: 003, P, 0, 3
In15, Run: 004, P, 0, 1
In15, Run: 005, P, 0, 1
In15, Run: 006, P, 0, 1
In15, Run: 007, P, 0, 1
In15, Run: 008, P, 0, 1
In15, Run: 009, P, 0, 1
In15, Run: 010, P, 0, 3
In15, Run: 011, P, 0, 1
In15, Run: 012, P, 0, 1
In15, Run: 013, P, 0, 1
In15, Run: 014, P, 0, 1
In15, Run: 015, P, 0, 1
In15, Run: 016, P, 0, 1
In15, Run: 017, P, 0, 3
In15, Run: 018, P, 0, 1
In15, Run: 019, P, 0, 1
In15, Run: 020, P, 0, 1
In15, Run: 021, P, 0, 1
In15, Run: 022, P, 0, 3
In15, Run: 023, P, 0, 3
In15, Run: 024, P, 0, 3
In15, Run: 025, P, 0, 1
In15, Run: 026, P, 0, 1
In15, Run: 027, P, 0, 3
In15, Run: 028, P, 0, 1
In15, Run: 029, P, 0, 3
In15, Run: 030, P, 0, 1
In15, Run: 031, P, 0, 1
In15, Run: 032, P, 0, 1
In15, Run: 033, P, 0, 3
In15, Run: 034, P, 0, 1
In15, Run: 035, P, 0, 1
In15, Run: 036, P, 0, 1
In15, Run: 037, P, 0, 1
In15, Run: 038, P, 0, 1
In15, Run: 039, P, 0, 1
In15, Run: 040, P, 0, 1
In15, Run: 041, P, 0, 1
In15, Run: 042, P, 0, 3
In15, Run: 043, P, 0, 1
In15, Run: 044, P, 0, 1
In15, Run: 045, P, 0, 1
In15, Run: 046, P, 0, 1
In15, Run: 047, P, 0, 1
In15, Run: 048, P, 0, 1
In15, Run: 049, P, 0, 1
In15, Run: 050, P, 0, 1
In15, Run: 051, P, 0, 1
In15, Run: 052, P, 0, 1
In15, Run: 053, P, 0, 1
In15, Run: 054, P, 0, 1
In15, Run: 055, P, 0, 1
In15, Run: 056, P, 0, 1
In15, Run: 057, P, 0, 3
In15, Run: 058, P, 0, 1
In15, Run: 059, P, 0, 1
In15, Run: 060, P, 0, 1
In15, Run: 061, P, 0, 1
In15, Run: 062, P, 0, 1
In15, Run: 063, P, 0, 1
In15, Run: 064, P, 0, 3
In15, Run: 065, P, 0, 1
In15, Run: 066, P, 0, 1
In15, Run: 067, P, 0, 1
In15, Run: 068, P, 0, 1
In15, Run: 069, P, 0, 1
In15, Run: 070, P, 0, 1
In15, Run: 071, P, 0, 3
In15, Run: 072, P, 0, 1
In15, Run: 073, P, 0, 3
In15, Run: 074, P, 0, 1
In15, Run: 075, P, 0, 1
In15, Run: 076, P, 0, 1
In15, Run: 077, P, 0, 1
In15, Run: 078, P, 0, 1
In15, Run: 079, P, 0, 1
In15, Run: 080, P, 0, 1
In15, Run: 081, P, 0, 1
In15, Run: 082, P, 0, 3
In15, Run: 083, P, 0, 1
In15, Run: 084, P, 0, 1
In15, Run: 085, P, 0, 1
In15, Run: 086, P, 0, 3
In15, Run: 087, P, 0, 1
In15, Run: 088, P, 0, 1
In15, Run: 089, P, 0, 1
In15, Run: 090, P, 0, 1
In15, Run: 091, P, 0, 1
In15, Run: 092, P, 0, 1
In15, Run: 093, P, 0, 1
In15, Run: 094, P, 0, 1
In15, Run: 095, P, 0, 1
In15, Run: 096, P, 0, 5
In15, Run: 097, P, 0, 3
In15, Run: 098, P, 0, 1
In15, Run: 099, P, 0, 1
In15, Run: 100, P, 0, 1
In17, Run: 001, P, 0, 3
In17, Run: 002, P, 0, 3
In17, Run: 003, P, 0, 1
In17, Run: 004, P, 0, 1
In17, Run: 005, P, 0, 1
In17, Run: 006, P, 0, 3
In17, Run: 007, P, 0, 3
In17, Run: 008, P, 0, 1
In17, Run: 009, P, 0, 3
In17, Run: 010, P, 0, 3
In17, Run: 011, P, 0, 1
In17, Run: 012, P, 0, 1
In17, Run: 013, P, 0, 1
In17, Run: 014, P, 0, 3
In17, Run: 015, P, 0, 1
In17, Run: 016, P, 0, 1
In17, Run: 017, P, 0, 3
In17, Run: 018, P, 0, 1
In17, Run: 019, P, 0, 1
In17, Run: 020, P, 0, 1
In17, Run: 021, P, 0, 1
In17, Run: 022, P, 0, 1
In17, Run: 023, P, 0, 1
In17, Run: 024, P, 0, 1
In17, Run: 025, P, 0, 1
In17, Run: 026, P, 0, 1
In17, Run: 027, P, 0, 1
In17, Run: 028, P, 0, 3
In17, Run: 029, P, 0, 1
In17, Run: 030, P, 0, 1
In17, Run: 031, P, 0, 1
In17, Run: 032, P, 0, 3
In17, Run: 033, P, 0, 3
In17, Run: 034, P, 0, 1
In17, Run: 035, P, 0, 1
In17, Run: 036, P, 0, 3
In17, Run: 037, P, 0, 1
In17, Run: 038, P, 0, 3
In17, Run: 039, P, 0, 3
In17, Run: 040, P, 0, 3
In17, Run: 041, P, 0, 3
In17, Run: 042, P, 0, 1
In17, Run: 043, P, 0, 1
In17, Run: 044, P, 0, 1
In17, Run: 045, P, 0, 3
In17, Run: 046, P, 0, 1
In17, Run: 047, P, 0, 3
In17, Run: 048, P, 0, 1
In17, Run: 049, P, 0, 1
In17, Run: 050, P, 0, 1
In17, Run: 051, P, 0, 1
In17, Run: 052, P, 0, 1
In17, Run: 053, P, 0, 1
In17, Run: 054, P, 0, 3
In17, Run: 055, P, 0, 3
In17, Run: 056, P, 0, 1
In17, Run: 057, P, 0, 1
In17, Run: 058, P, 0, 1
In17, Run: 059, P, 0, 1
In17, Run: 060, P, 0, 1
In17, Run: 061, P, 0, 1
In17, Run: 062, P, 0, 1
In17, Run: 063, P, 0, 1
In17, Run: 064, P, 0, 1
In17, Run: 065, P, 0, 1
In17, Run: 066, P, 0, 1
In17, Run: 067, P, 0, 1
In17, Run: 068, P, 0, 1
In17, Run: 069, P, 0, 1
In17, Run: 070, P, 0, 1
In17, Run: 071, P, 0, 1
In17, Run: 072, P, 0, 1
In17, Run: 073, P, 0, 1
In17, Run: 074, P, 0, 1
In17, Run: 075, P, 0, 1
In17, Run: 076, P, 0, 1
In17, Run: 077, P, 0, 1
In17, Run: 078, P, 0, 1
In17, Run: 079, P, 0, 1
In17, Run: 080, P, 0, 1
In17, Run: 081, P, 0, 1
In17, Run: 082, P, 0, 1
In17, Run: 083, P, 0, 3
In17, Run: 084, P, 0, 1
In17, Run: 085, P, 0, 1
In17, Run: 086, P, 0, 1
In17, Run: 087, P, 0, 1
In17, Run: 088, P, 0, 3
In17, Run: 089, P, 0, 1
In17, Run: 090, P, 0, 1
In17, Run: 091, P, 0, 1
In17, Run: 092, P, 0, 1
In17, Run: 093, P, 0, 1
In17, Run: 094, P, 0, 1
In17, Run: 095, P, 0, 1
In17, Run: 096, P, 0, 1
In17, Run: 097, P, 0, 3
In17, Run: 098, P, 0, 1
In17, Run: 099, P, 0, 3
In17, Run: 100, P, 0, 1
In19, Run: 001, P, 0, 3
In19, Run: 002, P, 0, 1
In19, Run: 003, P, 0, 1
In19, Run: 004, P, 0, 1
In19, Run: 005, P, 0, 1
In19, Run: 006, P, 0, 1
In19, Run: 007, P, 0, 1
In19, Run: 008, P, 0, 1
In19, Run: 009, P, 0, 1
In19, Run: 010, P, 0, 1
In19, Run: 011, P, 0, 1
In19, Run: 012, P, 0, 1
In19, Run: 013, P, 0, 1
In19, Run: 014, P, 0, 1
In19, Run: 015, P, 0, 1
In19, Run: 016, P, 0, 3
In19, Run: 017, P, 0, 1
In19, Run: 018, P, 0, 1
In19, Run: 019, P, 0, 1
In19, Run: 020, P, 0, 1
In19, Run: 021, P, 0, 1
In19, Run: 022, P, 0, 1
In19, Run: 023, P, 0, 1
In19, Run: 024, P, 0, 1
In19, Run: 025, P, 0, 3
In19, Run: 026, P, 0, 1
In19, Run: 027, P, 0, 1
In19, Run: 028, P, 0, 3
In19, Run: 029, P, 0, 1
In19, Run: 030, P, 0, 3
In19, Run: 031, P, 0, 1
In19, Run: 032, P, 0, 1
In19, Run: 033, P, 0, 3
In19, Run: 034, P, 0, 1
In19, Run: 035, P, 0, 3
In19, Run: 036, P, 0, 1
In19, Run: 037, P, 0, 1
In19, Run: 038, P, 0, 1
In19, Run: 039, P, 0, 1
In19, Run: 040, P, 0, 3
In19, Run: 041, P, 0, 1
In19, Run: 042, P, 0, 1
In19, Run: 043, P, 0, 1
In19, Run: 044, P, 0, 1
In19, Run: 045, P, 0, 1
In19, Run: 046, P, 0, 1
In19, Run: 047, P, 0, 1
In19, Run: 048, P, 0, 1
In19, Run: 049, P, 0, 3
In19, Run: 050, P, 0, 1
In19, Run: 051, P, 0, 1
In19, Run: 052, P, 0, 1
In19, Run: 053, P, 0, 1
In19, Run: 054, P, 0, 1
In19, Run: 055, P, 0, 1
In19, Run: 056, P, 0, 1
In19, Run: 057, P, 0, 1
In19, Run: 058, P, 0, 1
In19, Run: 059, P, 0, 1
In19, Run: 060, P, 0, 3
In19, Run: 061, P, 0, 1
In19, Run: 062, P, 0, 1
In19, Run: 063, P, 0, 1
In19, Run: 064, P, 0, 1
In19, Run: 065, P, 0, 5
In19, Run: 066, P, 0, 1
In19, Run: 067, P, 0, 1
In19, Run: 068, P, 0, 1
In19, Run: 069, P, 0, 1
In19, Run: 070, P, 0, 3
In19, Run: 071, P, 0, 1
In19, Run: 072, P, 0, 3
In19, Run: 073, P, 0, 1
In19, Run: 074, P, 0, 1
In19, Run: 075, P, 0, 1
In19, Run: 076, P, 0, 1
In19, Run: 077, P, 0, 1
In19, Run: 078, P, 0, 1
In19, Run: 079, P, 0, 3
In19, Run: 080, P, 0, 1
In19, Run: 081, P, 0, 1
In19, Run: 082, P, 0, 3
In19, Run: 083, P, 0, 3
In19, Run: 084, P, 0, 1
In19, Run: 085, P, 0, 1
In19, Run: 086, P, 0, 1
In19, Run: 087, P, 0, 1
In19, Run: 088, P, 0, 1
In19, Run: 089, P, 0, 1
In19, Run: 090, P, 0, 1
In19, Run: 091, P, 0, 5
In19, Run: 092, P, 0, 1
In19, Run: 093, P, 0, 5
In19, Run: 094, P, 0, 3
In19, Run: 095, P, 0, 3
In19, Run: 096, P, 0, 1
In19, Run: 097, P, 0, 1
In19, Run: 098, P, 0, 1
In19, Run: 099, P, 0, 3
In19, Run: 100, P, 0, 1
In20, Run: 001, P, 0, 3
In20, Run: 002, P, 0, 1
In20, Run: 003, P, 0, 1
In20, Run: 004, P, 0, 1
In20, Run: 005, P, 0, 1
In20, Run: 006, P, 0, 1
In20, Run: 007, P, 0, 1
In20, Run: 008, P, 0, 1
In20, Run: 009, P, 0, 1
In20, Run: 010, P, 0, 1
In20, Run: 011, P, 0, 1
In20, Run: 012, P, 0, 3
In20, Run: 013, P, 0, 3
In20, Run: 014, P, 0, 1
In20, Run: 015, P, 0, 1
In20, Run: 016, P, 0, 1
In20, Run: 017, P, 0, 3
In20, Run: 018, P, 0, 1
In20, Run: 019, P, 0, 1
In20, Run: 020, P, 0, 1
In20, Run: 021, P, 0, 3
In20, Run: 022, P, 0, 1
In20, Run: 023, P, 0, 1
In20, Run: 024, P, 0, 3
In20, Run: 025, P, 0, 1
In20, Run: 026, P, 0, 1
In20, Run: 027, P, 0, 1
In20, Run: 028, P, 0, 1
In20, Run: 029, P, 0, 1
In20, Run: 030, P, 0, 1
In20, Run: 031, P, 0, 1
In20, Run: 032, P, 0, 1
In20, Run: 033, P, 0, 1
In20, Run: 034, P, 0, 1
In20, Run: 035, P, 0, 1
In20, Run: 036, P, 0, 3
In20, Run: 037, P, 0, 1
In20, Run: 038, P, 0, 3
In20, Run: 039, P, 0, 1
In20, Run: 040, P, 0, 3
In20, Run: 041, P, 0, 1
In20, Run: 042, P, 0, 1
In20, Run: 043, P, 0, 1
In20, Run: 044, P, 0, 1
In20, Run: 045, P, 0, 1
In20, Run: 046, P, 0, 1
In20, Run: 047, P, 0, 3
In20, Run: 048, P, 0, 1
In20, Run: 049, P, 0, 1
In20, Run: 050, P, 0, 1
In20, Run: 051, P, 0, 1
In20, Run: 052, P, 0, 1
In20, Run: 053, P, 0, 1
In20, Run: 054, P, 0, 1
In20, Run: 055, P, 0, 3
In20, Run: 056, P, 0, 1
In20, Run: 057, P, 0, 1
In20, Run: 058, P, 0, 1
In20, Run: 059, P, 0, 1
In20, Run: 060, P, 0, 1
In20, Run: 061, P, 0, 5
In20, Run: 062, P, 0, 3
In20, Run: 063, P, 0, 1
In20, Run: 064, P, 0, 1
In20, Run: 065, P, 0, 3
In20, Run: 066, P, 0, 5
In20, Run: 067, P, 0, 1
In20, Run: 068, P, 0, 1
In20, Run: 069, P, 0, 1
In20, Run: 070, P, 0, 1
In20, Run: 071, P, 0, 1
In20, Run: 072, P, 0, 1
In20, Run: 073, P, 0, 1
In20, Run: 074, P, 0, 3
In20, Run: 075, P, 0, 1
In20, Run: 076, P, 0, 1
In20, Run: 077, P, 0, 1
In20, Run: 078, P, 0, 3
In20, Run: 079, P, 0, 1
In20, Run: 080, P, 0, 1
In20, Run: 081, P, 0, 3
In20, Run: 082, P, 0, 1
In20, Run: 083, P, 0, 1
In20, Run: 084, P, 0, 5
In20, Run: 085, P, 0, 1
In20, Run: 086, P, 0, 3
In20, Run: 087, P, 0, 3
In20, Run: 088, P, 0, 1
In20, Run: 089, P, 0, 1
In20, Run: 090, P, 0, 3
In20, Run: 091, P, 0, 1
In20, Run: 092, P, 0, 1
In20, Run: 093, P, 0, 3
In20, Run: 094, P, 0, 1
In20, Run: 095, P, 0, 1
In20, Run: 096, P, 0, 3
In20, Run: 097, P, 0, 1
In20, Run: 098, P, 0, 1
In20, Run: 099, P, 0, 1
In20, Run: 100, P, 0, 1
In21, Run: 001, P, 0, 1
In21, Run: 002, P, 0, 1
In21, Run: 003, P, 0, 1
In21, Run: 004, P, 0, 1
In21, Run: 005, P, 0, 3
In21, Run: 006, P, 0, 1
In21, Run: 007, P, 0, 1
In21, Run: 008, P, 0, 1
In21, Run: 009, P, 0, 1
In21, Run: 010, P, 0, 3
In21, Run: 011, P, 0, 1
In21, Run: 012, P, 0, 1
In21, Run: 013, P, 0, 3
In21, Run: 014, P, 0, 1
In21, Run: 015, P, 0, 1
In21, Run: 016, P, 0, 1
In21, Run: 017, P, 0, 3
In21, Run: 018, P, 0, 1
In21, Run: 019, P, 0, 1
In21, Run: 020, P, 0, 1
In21, Run: 021, P, 0, 1
In21, Run: 022, P, 0, 1
In21, Run: 023, P, 0, 1
In21, Run: 024, P, 0, 1
In21, Run: 025, P, 0, 1
In21, Run: 026, P, 0, 1
In21, Run: 027, P, 0, 1
In21, Run: 028, P, 0, 1
In21, Run: 029, P, 0, 1
In21, Run: 030, P, 0, 1
In21, Run: 031, P, 0, 1
In21, Run: 032, P, 0, 1
In21, Run: 033, P, 0, 1
In21, Run: 034, P, 0, 3
In21, Run: 035, P, 0, 1
In21, Run: 036, P, 0, 1
In21, Run: 037, P, 0, 1
In21, Run: 038, P, 0, 1
In21, Run: 039, P, 0, 1
In21, Run: 040, P, 0, 3
In21, Run: 041, P, 0, 3
In21, Run: 042, P, 0, 3
In21, Run: 043, P, 0, 1
In21, Run: 044, P, 0, 1
In21, Run: 045, P, 0, 1
In21, Run: 046, P, 0, 5
In21, Run: 047, P, 0, 1
In21, Run: 048, P, 0, 3
In21, Run: 049, P, 0, 1
In21, Run: 050, P, 0, 1
In21, Run: 051, P, 0, 1
In21, Run: 052, P, 0, 5
In21, Run: 053, P, 0, 1
In21, Run: 054, P, 0, 1
In21, Run: 055, P, 0, 3
In21, Run: 056, P, 0, 1
In21, Run: 057, P, 0, 1
In21, Run: 058, P, 0, 1
In21, Run: 059, P, 0, 1
In21, Run: 060, P, 0, 1
In21, Run: 061, P, 0, 5
In21, Run: 062, P, 0, 1
In21, Run: 063, P, 0, 1
In21, Run: 064, P, 0, 1
In21, Run: 065, P, 0, 1
In21, Run: 066, P, 0, 1
In21, Run: 067, P, 0, 3
In21, Run: 068, P, 0, 1
In21, Run: 069, P, 0, 1
In21, Run: 070, P, 0, 1
In21, Run: 071, P, 0, 3
In21, Run: 072, P, 0, 1
In21, Run: 073, P, 0, 3
In21, Run: 074, P, 0, 1
In21, Run: 075, P, 0, 1
In21, Run: 076, P, 0, 1
In21, Run: 077, P, 0, 1
In21, Run: 078, P, 0, 3
In21, Run: 079, P, 0, 1
In21, Run: 080, P, 0, 1
In21, Run: 081, P, 0, 3
In21, Run: 082, P, 0, 1
In21, Run: 083, P, 0, 3
In21, Run: 084, P, 0, 1
In21, Run: 085, P, 0, 1
In21, Run: 086, P, 0, 3
In21, Run: 087, P, 0, 1
In21, Run: 088, P, 0, 3
In21, Run: 089, P, 0, 1
In21, Run: 090, P, 0, 1
In21, Run: 091, P, 0, 1
In21, Run: 092, P, 0, 1
In21, Run: 093, P, 0, 5
In21, Run: 094, P, 0, 1
In21, Run: 095, P, 0, 1
In21, Run: 096, P, 0, 1
In21, Run: 097, P, 0, 3
In21, Run: 098, P, 0, 1
In21, Run: 099, P, 0, 1
In21, Run: 100, P, 0, 1
In22, Run: 001, P, 0, 2
In22, Run: 002, P, 0, 4
In22, Run: 003, P, 0, 2
In22, Run: 004, P, 0, 0
In22, Run: 005, P, 0, 2
In22, Run: 006, P, 0, 2
In22, Run: 007, P, 0, 0
In22, Run: 008, P, 0, 2
In22, Run: 009, P, 0, 2
In22, Run: 010, P, 0, 2
In22, Run: 011, P, 0, 0
In22, Run: 012, P, 0, 2
In22, Run: 013, P, 0, 0
In22, Run: 014, P, 0, 2
In22, Run: 015, P, 0, 0
In22, Run: 016, P, 0, 2
In22, Run: 017, P, 0, 2
In22, Run: 018, P, 0, 4
In22, Run: 019, P, 0, 2
In22, Run: 020, P, 0, 2
In22, Run: 021, P, 0, 2
In22, Run: 022, P, 0, 0
In22, Run: 023, P, 0, 2
In22, Run: 024, P, 0, 0
In22, Run: 025, P, 0, 2
In22, Run: 026, P, 0, 2
In22, Run: 027, P, 0, 4
In22, Run: 028, P, 0, 0
In22, Run: 029, P, 0, 0
In22, Run: 030, P, 0, 0
In22, Run: 031, P, 0, 2
In22, Run: 032, P, 0, 2
In22, Run: 033, P, 0, 2
In22, Run: 034, P, 0, 2
In22, Run: 035, P, 0, 2
In22, Run: 036, P, 0, 0
In22, Run: 037, P, 0, 2
In22, Run: 038, P, 0, 2
In22, Run: 039, P, 0, 2
In22, Run: 040, P, 0, 2
In22, Run: 041, P, 0, 2
In22, Run: 042, P, 0, 4
In22, Run: 043, P, 0, 0
In22, Run: 044, P, 0, 2
In22, Run: 045, P, 0, 2
In22, Run: 046, P, 0, 2
In22, Run: 047, P, 0, 2
In22, Run: 048, P, 0, 2
In22, Run: 049, P, 0, 2
In22, Run: 050, P, 0, 0
In22, Run: 051, P, 0, 0
In22, Run: 052, P, 0, 2
In22, Run: 053, P, 0, 0
In22, Run: 054, P, 0, 0
In22, Run: 055, P, 0, 2
In22, Run: 056, P, 0, 2
In22, Run: 057, P, 0, 4
In22, Run: 058, P, 0, 2
In22, Run: 059, P, 0, 2
In22, Run: 060, P, 0, 2
In22, Run: 061, P, 0, 2
In22, Run: 062, P, 0, 2
In22, Run: 063, P, 0, 2
In22, Run: 064, P, 0, 0
In22, Run: 065, P, 0, 2
In22, Run: 066, P, 0, 2
In22, Run: 067, P, 0, 2
In22, Run: 068, P, 0, 2
In22, Run: 069, P, 0, 2
In22, Run: 070, P, 0, 2
In22, Run: 071, P, 0, 0
In22, Run: 072, P, 0, 4
In22, Run: 073, P, 0, 0
In22, Run: 074, P, 0, 2
In22, Run: 075, P, 0, 0
In22, Run: 076, P, 0, 0
In22, Run: 077, P, 0, 0
In22, Run: 078, P, 0, 0
In22, Run: 079, P, 0, 0
In22, Run: 080, P, 0, 2
In22, Run: 081, P, 0, 2
In22, Run: 082, P, 0, 0
In22, Run: 083, P, 0, 2
In22, Run: 084, P, 0, 0
In22, Run: 085, P, 0, 0
In22, Run: 086, P, 0, 0
In22, Run: 087, P, 0, 2
In22, Run: 088, P, 0, 0
In22, Run: 089, P, 0, 2
In22, Run: 090, P, 0, 2
In22, Run: 091, P, 0, 0
In22, Run: 092, P, 0, 0
In22, Run: 093, P, 0, 2
In22, Run: 094, P, 0, 2
In22, Run: 095, P, 0, 0
In22, Run: 096, P, 0, 2
In22, Run: 097, P, 0, 0
In22, Run: 098, P, 0, 2
In22, Run: 099, P, 0, 2
In22, Run: 100, P, 0, 4
In23, Run: 001, P, 0, 2
In23, Run: 002, P, 0, 2
In23, Run: 003, P, 0, 0
In23, Run: 004, P, 0, 4
In23, Run: 005, P, 0, 2
In23, Run: 006, P, 0, 0
In23, Run: 007, P, 0, 2
In23, Run: 008, P, 0, 2
In23, Run: 009, P, 0, 2
In23, Run: 010, P, 0, 2
In23, Run: 011, P, 0, 4
In23, Run: 012, P, 0, 2
In23, Run: 013, P, 0, 2
In23, Run: 014, P, 0, 2
In23, Run: 015, P, 0, 2
In23, Run: 016, P, 0, 0
In23, Run: 017, P, 0, 2
In23, Run: 018, P, 0, 4
In23, Run: 019, P, 0, 2
In23, Run: 020, P, 0, 4
In23, Run: 021, P, 0, 0
In23, Run: 022, P, 0, 4
In23, Run: 023, P, 0, 2
In23, Run: 024, P, 0, 0
In23, Run: 025, P, 0, 0
In23, Run: 026, P, 0, 2
In23, Run: 027, P, 0, 0
In23, Run: 028, P, 0, 2
In23, Run: 029, P, 0, 2
In23, Run: 030, P, 0, 0
In23, Run: 031, P, 0, 2
In23, Run: 032, P, 0, 2
In23, Run: 033, P, 0, 2
In23, Run: 034, P, 0, 2
In23, Run: 035, P, 0, 2
In23, Run: 036, P, 0, 2
In23, Run: 037, P, 0, 0
In23, Run: 038, P, 0, 2
In23, Run: 039, P, 0, 2
In23, Run: 040, P, 0, 2
In23, Run: 041, P, 0, 0
In23, Run: 042, P, 0, 2
In23, Run: 043, P, 0, 0
In23, Run: 044, P, 0, 0
In23, Run: 045, P, 0, 2
In23, Run: 046, P, 0, 2
In23, Run: 047, P, 0, 2
In23, Run: 048, P, 0, 2
In23, Run: 049, P, 0, 2
In23, Run: 050, P, 0, 0
In23, Run: 051, P, 0, 2
In23, Run: 052, P, 0, 0
In23, Run: 053, P, 0, 2
In23, Run: 054, P, 0, 2
In23, Run: 055, P, 0, 2
In23, Run: 056, P, 0, 0
In23, Run: 057, P, 0, 0
In23, Run: 058, P, 0, 0
In23, Run: 059, P, 0, 0
In23, Run: 060, P, 0, 2
In23, Run: 061, P, 0, 0
In23, Run: 062, P, 0, 4
In23, Run: 063, P, 0, 0
In23, Run: 064, P, 0, 0
In23, Run: 065, P, 0, 2
In23, Run: 066, P, 0, 0
In23, Run: 067, P, 0, 2
In23, Run: 068, P, 0, 2
In23, Run: 069, P, 0, 2
In23, Run: 070, P, 0, 2
In23, Run: 071, P, 0, 2
In23, Run: 072, P, 0, 2
In23, Run: 073, P, 0, 0
In23, Run: 074, P, 0, 0
In23, Run: 075, P, 0, 2
In23, Run: 076, P, 0, 0
In23, Run: 077, P, 0, 2
In23, Run: 078, P, 0, 0
In23, Run: 079, P, 0, 6
In23, Run: 080, P, 0, 2
In23, Run: 081, P, 0, 2
In23, Run: 082, P, 0, 0
In23, Run: 083, P, 0, 2
In23, Run: 084, P, 0, 0
In23, Run: 085, P, 0, 2
In23, Run: 086, P, 0, 2
In23, Run: 087, P, 0, 2
In23, Run: 088, P, 0, 2
In23, Run: 089, P, 0, 0
In23, Run: 090, P, 0, 0
In23, Run: 091, P, 0, 2
In23, Run: 092, P, 0, 0
In23, Run: 093, P, 0, 0
In23, Run: 094, P, 0, 2
In23, Run: 095, P, 0, 2
In23, Run: 096, P, 0, 2
In23, Run: 097, P, 0, 2
In23, Run: 098, P, 0, 0
In23, Run: 099, P, 0, 0
In23, Run: 100, P, 0, 2
In24, Run: 001, P, 0, 2
In24, Run: 002, P, 0, 2
In24, Run: 003, P, 0, 2
In24, Run: 004, P, 0, 2
In24, Run: 005, P, 0, 0
In24, Run: 006, P, 0, 2
In24, Run: 007, P, 0, 2
In24, Run: 008, P, 0, 2
In24, Run: 009, P, 0, 0
In24, Run: 010, P, 0, 0
In24, Run: 011, P, 0, 2
In24, Run: 012, P, 0, 2
In24, Run: 013, P, 0, 2
In24, Run: 014, P, 0, 2
In24, Run: 015, P, 0, 0
In24, Run: 016, P, 0, 2
In24, Run: 017, P, 0, 2
In24, Run: 018, P, 0, 2
In24, Run: 019, P, 0, 0
In24, Run: 020, P, 0, 0
In24, Run: 021, P, 0, 2
In24, Run: 022, P, 0, 2
In24, Run: 023, P, 0, 2
In24, Run: 024, P, 0, 2
In24, Run: 025, P, 0, 2
In24, Run: 026, P, 0, 0
In24, Run: 027, P, 0, 0
In24, Run: 028, P, 0, 2
In24, Run: 029, P, 0, 2
In24, Run: 030, P, 0, 2
In24, Run: 031, P, 0, 2
In24, Run: 032, P, 0, 0
In24, Run: 033, P, 0, 0
In24, Run: 034, P, 0, 0
In24, Run: 035, P, 0, 0
In24, Run: 036, P, 0, 2
In24, Run: 037, P, 0, 2
In24, Run: 038, P, 0, 2
In24, Run: 039, P, 0, 2
In24, Run: 040, P, 0, 0
In24, Run: 041, P, 0, 2
In24, Run: 042, P, 0, 0
In24, Run: 043, P, 0, 4
In24, Run: 044, P, 0, 4
In24, Run: 045, P, 0, 0
In24, Run: 046, P, 0, 2
In24, Run: 047, P, 0, 0
In24, Run: 048, P, 0, 0
In24, Run: 049, P, 0, 0
In24, Run: 050, P, 0, 2
In24, Run: 051, P, 0, 2
In24, Run: 052, P, 0, 4
In24, Run: 053, P, 0, 4
In24, Run: 054, P, 0, 2
In24, Run: 055, P, 0, 2
In24, Run: 056, P, 0, 2
In24, Run: 057, P, 0, 2
In24, Run: 058, P, 0, 2
In24, Run: 059, P, 0, 2
In24, Run: 060, P, 0, 0
In24, Run: 061, P, 0, 2
In24, Run: 062, P, 0, 2
In24, Run: 063, P, 0, 0
In24, Run: 064, P, 0, 4
In24, Run: 065, P, 0, 2
In24, Run: 066, P, 0, 0
In24, Run: 067, P, 0, 0
In24, Run: 068, P, 0, 0
In24, Run: 069, P, 0, 0
In24, Run: 070, P, 0, 0
In24, Run: 071, P, 0, 0
In24, Run: 072, P, 0, 2
In24, Run: 073, P, 0, 2
In24, Run: 074, P, 0, 2
In24, Run: 075, P, 0, 2
In24, Run: 076, P, 0, 2
In24, Run: 077, P, 0, 2
In24, Run: 078, P, 0, 2
In24, Run: 079, P, 0, 0
In24, Run: 080, P, 0, 2
In24, Run: 081, P, 0, 4
In24, Run: 082, P, 0, 2
In24, Run: 083, P, 0, 2
In24, Run: 084, P, 0, 0
In24, Run: 085, P, 0, 2
In24, Run: 086, P, 0, 2
In24, Run: 087, P, 0, 2
In24, Run: 088, P, 0, 0
In24, Run: 089, P, 0, 2
In24, Run: 090, P, 0, 2
In24, Run: 091, P, 0, 2
In24, Run: 092, P, 0, 2
In24, Run: 093, P, 0, 0
In24, Run: 094, P, 0, 2
In24, Run: 095, P, 0, 0
In24, Run: 096, P, 0, 2
In24, Run: 097, P, 0, 2
In24, Run: 098, P, 0, 4
In24, Run: 099, P, 0, 2
In24, Run: 100, P, 0, 2
In25, Run: 001, P, 0, 2
In25, Run: 002, P, 0, 0
In25, Run: 003, P, 0, 0
In25, Run: 004, P, 0, 2
In25, Run: 005, P, 0, 0
In25, Run: 006, P, 0, 2
In25, Run: 007, P, 0, 2
In25, Run: 008, P, 0, 2
In25, Run: 009, P, 0, 2
In25, Run: 010, P, 0, 2
In25, Run: 011, P, 0, 2
In25, Run: 012, P, 0, 2
In25, Run: 013, P, 0, 2
In25, Run: 014, P, 0, 2
In25, Run: 015, P, 0, 2
In25, Run: 016, P, 0, 2
In25, Run: 017, P, 0, 0
In25, Run: 018, P, 0, 2
In25, Run: 019, P, 0, 0
In25, Run: 020, P, 0, 0
In25, Run: 021, P, 0, 0
In25, Run: 022, P, 0, 2
In25, Run: 023, P, 0, 2
In25, Run: 024, P, 0, 2
In25, Run: 025, P, 0, 2
In25, Run: 026, P, 0, 0
In25, Run: 027, P, 0, 2
In25, Run: 028, P, 0, 0
In25, Run: 029, P, 0, 2
In25, Run: 030, P, 0, 2
In25, Run: 031, P, 0, 0
In25, Run: 032, P, 0, 2
In25, Run: 033, P, 0, 2
In25, Run: 034, P, 0, 2
In25, Run: 035, P, 0, 2
In25, Run: 036, P, 0, 2
In25, Run: 037, P, 0, 0
In25, Run: 038, P, 0, 2
In25, Run: 039, P, 0, 2
In25, Run: 040, P, 0, 0
In25, Run: 041, P, 0, 2
In25, Run: 042, P, 0, 0
In25, Run: 043, P, 0, 0
In25, Run: 044, P, 0, 2
In25, Run: 045, P, 0, 0
In25, Run: 046, P, 0, 2
In25, Run: 047, P, 0, 2
In25, Run: 048, P, 0, 2
In25, Run: 049, P, 0, 0
In25, Run: 050, P, 0, 0
In25, Run: 051, P, 0, 2
In25, Run: 052, P, 0, 0
In25, Run: 053, P, 0, 0
In25, Run: 054, P, 0, 4
In25, Run: 055, P, 0, 2
In25, Run: 056, P, 0, 0
In25, Run: 057, P, 0, 0
In25, Run: 058, P, 0, 4
In25, Run: 059, P, 0, 0
In25, Run: 060, P, 0, 2
In25, Run: 061, P, 0, 0
In25, Run: 062, P, 0, 4
In25, Run: 063, P, 0, 4
In25, Run: 064, P, 0, 0
In25, Run: 065, P, 0, 0
In25, Run: 066, P, 0, 0
In25, Run: 067, P, 0, 0
In25, Run: 068, P, 0, 2
In25, Run: 069, P, 0, 2
In25, Run: 070, P, 0, 2
In25, Run: 071, P, 0, 0
In25, Run: 072, P, 0, 0
In25, Run: 073, P, 0, 2
In25, Run: 074, P, 0, 2
In25, Run: 075, P, 0, 2
In25, Run: 076, P, 0, 2
In25, Run: 077, P, 0, 2
In25, Run: 078, P, 0, 2
In25, Run: 079, P, 0, 2
In25, Run: 080, P, 0, 0
In25, Run: 081, P, 0, 0
In25, Run: 082, P, 0, 2
In25, Run: 083, P, 0, 4
In25, Run: 084, P, 0, 0
In25, Run: 085, P, 0, 2
In25, Run: 086, P, 0, 2
In25, Run: 087, P, 0, 2
In25, Run: 088, P, 0, 0
In25, Run: 089, P, 0, 0
In25, Run: 090, P, 0, 4
In25, Run: 091, P, 0, 2
In25, Run: 092, P, 0, 0
In25, Run: 093, P, 0, 2
In25, Run: 094, P, 0, 2
In25, Run: 095, P, 0, 2
In25, Run: 096, P, 0, 0
In25, Run: 097, P, 0, 2
In25, Run: 098, P, 0, 2
In25, Run: 099, P, 0, 2
In25, Run: 100, P, 0, 0
In26, Run: 001, P, 0, 0
In26, Run: 002, P, 0, 4
In26, Run: 003, P, 0, 0
In26, Run: 004, P, 0, 2
In26, Run: 005, P, 0, 2
In26, Run: 006, P, 0, 0
In26, Run: 007, P, 0, 0
In26, Run: 008, P, 0, 0
In26, Run: 009, P, 0, 2
In26, Run: 010, P, 0, 0
In26, Run: 011, P, 0, 2
In26, Run: 012, P, 0, 2
In26, Run: 013, P, 0, 2
In26, Run: 014, P, 0, 2
In26, Run: 015, P, 0, 2
In26, Run: 016, P, 0, 0
In26, Run: 017, P, 0, 2
In26, Run: 018, P, 0, 2
In26, Run: 019, P, 0, 2
In26, Run: 020, P, 0, 0
In26, Run: 021, P, 0, 2
In26, Run: 022, P, 0, 0
In26, Run: 023, P, 0, 2
In26, Run: 024, P, 0, 2
In26, Run: 025, P, 0, 2
In26, Run: 026, P, 0, 2
In26, Run: 027, P, 0, 2
In26, Run: 028, P, 0, 0
In26, Run: 029, P, 0, 2
In26, Run: 030, P, 0, 2
In26, Run: 031, P, 0, 2
In26, Run: 032, P, 0, 0
In26, Run: 033, P, 0, 2
In26, Run: 034, P, 0, 0
In26, Run: 035, P, 0, 2
In26, Run: 036, P, 0, 2
In26, Run: 037, P, 0, 2
In26, Run: 038, P, 0, 0
In26, Run: 039, P, 0, 2
In26, Run: 040, P, 0, 4
In26, Run: 041, P, 0, 2
In26, Run: 042, P, 0, 0
In26, Run: 043, P, 0, 2
In26, Run: 044, P, 0, 0
In26, Run: 045, P, 0, 2
In26, Run: 046, P, 0, 2
In26, Run: 047, P, 0, 4
In26, Run: 048, P, 0, 2
In26, Run: 049, P, 0, 2
In26, Run: 050, P, 0, 0
In26, Run: 051, P, 0, 2
In26, Run: 052, P, 0, 2
In26, Run: 053, P, 0, 2
In26, Run: 054, P, 0, 2
In26, Run: 055, P, 0, 2
In26, Run: 056, P, 0, 0
In26, Run: 057, P, 0, 2
In26, Run: 058, P, 0, 2
In26, Run: 059, P, 0, 2
In26, Run: 060, P, 0, 2
In26, Run: 061, P, 0, 4
In26, Run: 062, P, 0, 2
In26, Run: 063, P, 0, 0
In26, Run: 064, P, 0, 4
In26, Run: 065, P, 0, 2
In26, Run: 066, P, 0, 2
In26, Run: 067, P, 0, 2
In26, Run: 068, P, 0, 2
In26, Run: 069, P, 0, 2
In26, Run: 070, P, 0, 0
In26, Run: 071, P, 0, 2
In26, Run: 072, P, 0, 4
In26, Run: 073, P, 0, 2
In26, Run: 074, P, 0, 4
In26, Run: 075, P, 0, 0
In26, Run: 076, P, 0, 2
In26, Run: 077, P, 0, 0
In26, Run: 078, P, 0, 0
In26, Run: 079, P, 0, 2
In26, Run: 080, P, 0, 0
In26, Run: 081, P, 0, 0
In26, Run: 082, P, 0, 0
In26, Run: 083, P, 0, 2
In26, Run: 084, P, 0, 0
In26, Run: 085, P, 0, 2
In26, Run: 086, P, 0, 2
In26, Run: 087, P, 0, 2
In26, Run: 088, P, 0, 2
In26, Run: 089, P, 0, 2
In26, Run: 090, P, 0, 4
In26, Run: 091, P, 0, 0
In26, Run: 092, P, 0, 2
In26, Run: 093, P, 0, 2
In26, Run: 094, P, 0, 0
In26, Run: 095, P, 0, 2
In26, Run: 096, P, 0, 0
In26, Run: 097, P, 0, 4
In26, Run: 098, P, 0, 2
In26, Run: 099, P, 0, 0
In26, Run: 100, P, 0, 2
In27, Run: 001, P, 0, 2
In27, Run: 002, P, 0, 2
In27, Run: 003, P, 0, 0
In27, Run: 004, P, 0, 2
In27, Run: 005, P, 0, 2
In27, Run: 006, P, 0, 0
In27, Run: 007, P, 0, 2
In27, Run: 008, P, 0, 0
In27, Run: 009, P, 0, 2
In27, Run: 010, P, 0, 2
In27, Run: 011, P, 0, 0
In27, Run: 012, P, 0, 0
In27, Run: 013, P, 0, 2
In27, Run: 014, P, 0, 2
In27, Run: 015, P, 0, 2
In27, Run: 016, P, 0, 0
In27, Run: 017, P, 0, 2
In27, Run: 018, P, 0, 0
In27, Run: 019, P, 0, 0
In27, Run: 020, P, 0, 0
In27, Run: 021, P, 0, 2
In27, Run: 022, P, 0, 2
In27, Run: 023, P, 0, 4
In27, Run: 024, P, 0, 2
In27, Run: 025, P, 0, 2
In27, Run: 026, P, 0, 2
In27, Run: 027, P, 0, 4
In27, Run: 028, P, 0, 4
In27, Run: 029, P, 0, 2
In27, Run: 030, P, 0, 4
In27, Run: 031, P, 0, 2
In27, Run: 032, P, 0, 0
In27, Run: 033, P, 0, 2
In27, Run: 034, P, 0, 2
In27, Run: 035, P, 0, 2
In27, Run: 036, P, 0, 2
In27, Run: 037, P, 0, 2
In27, Run: 038, P, 0, 4
In27, Run: 039, P, 0, 2
In27, Run: 040, P, 0, 0
In27, Run: 041, P, 0, 2
In27, Run: 042, P, 0, 2
In27, Run: 043, P, 0, 2
In27, Run: 044, P, 0, 2
In27, Run: 045, P, 0, 2
In27, Run: 046, P, 0, 2
In27, Run: 047, P, 0, 0
In27, Run: 048, P, 0, 2
In27, Run: 049, P, 0, 0
In27, Run: 050, P, 0, 2
In27, Run: 051, P, 0, 0
In27, Run: 052, P, 0, 0
In27, Run: 053, P, 0, 2
In27, Run: 054, P, 0, 2
In27, Run: 055, P, 0, 0
In27, Run: 056, P, 0, 0
In27, Run: 057, P, 0, 2
In27, Run: 058, P, 0, 2
In27, Run: 059, P, 0, 2
In27, Run: 060, P, 0, 0
In27, Run: 061, P, 0, 2
In27, Run: 062, P, 0, 0
In27, Run: 063, P, 0, 2
In27, Run: 064, P, 0, 0
In27, Run: 065, P, 0, 2
In27, Run: 066, P, 0, 2
In27, Run: 067, P, 0, 4
In27, Run: 068, P, 0, 2
In27, Run: 069, P, 0, 0
In27, Run: 070, P, 0, 0
In27, Run: 071, P, 0, 2
In27, Run: 072, P, 0, 2
In27, Run: 073, P, 0, 2
In27, Run: 074, P, 0, 0
In27, Run: 075, P, 0, 4
In27, Run: 076, P, 0, 2
In27, Run: 077, P, 0, 0
In27, Run: 078, P, 0, 0
In27, Run: 079, P, 0, 2
In27, Run: 080, P, 0, 4
In27, Run: 081, P, 0, 0
In27, Run: 082, P, 0, 2
In27, Run: 083, P, 0, 0
In27, Run: 084, P, 0, 2
In27, Run: 085, P, 0, 2
In27, Run: 086, P, 0, 2
In27, Run: 087, P, 0, 0
In27, Run: 088, P, 0, 2
In27, Run: 089, P, 0, 2
In27, Run: 090, P, 0, 0
In27, Run: 091, P, 0, 0
In27, Run: 092, P, 0, 0
In27, Run: 093, P, 0, 0
In27, Run: 094, P, 0, 2
In27, Run: 095, P, 0, 0
In27, Run: 096, P, 0, 2
In27, Run: 097, P, 0, 2
In27, Run: 098, P, 0, 2
In27, Run: 099, P, 0, 4
In27, Run: 100, P, 0, 2
In28, Run: 001, P, 0, 1
In28, Run: 002, P, 0, 3
In28, Run: 003, P, 0, 1
In28, Run: 004, P, 0, 1
In28, Run: 005, P, 0, 3
In28, Run: 006, P, 0, 1
In28, Run: 007, P, 0, 1
In28, Run: 008, P, 0, 1
In28, Run: 009, P, 0, 1
In28, Run: 010, P, 0, 1
In28, Run: 011, P, 0, 3
In28, Run: 012, P, 0, 1
In28, Run: 013, P, 0, 1
In28, Run: 014, P, 0, 1
In28, Run: 015, P, 0, 1
In28, Run: 016, P, 0, 1
In28, Run: 017, P, 0, 1
In28, Run: 018, P, 0, 3
In28, Run: 019, P, 0, 1
In28, Run: 020, P, 0, 1
In28, Run: 021, P, 0, 1
In28, Run: 022, P, 0, 3
In28, Run: 023, P, 0, 1
In28, Run: 024, P, 0, 1
In28, Run: 025, P, 0, 1
In28, Run: 026, P, 0, 1
In28, Run: 027, P, 0, 3
In28, Run: 028, P, 0, 1
In28, Run: 029, P, 0, 3
In28, Run: 030, P, 0, 1
In28, Run: 031, P, 0, 1
In28, Run: 032, P, 0, 3
In28, Run: 033, P, 0, 3
In28, Run: 034, P, 0, 1
In28, Run: 035, P, 0, 1
In28, Run: 036, P, 0, 3
In28, Run: 037, P, 0, 3
In28, Run: 038, P, 0, 3
In28, Run: 039, P, 0, 1
In28, Run: 040, P, 0, 1
In28, Run: 041, P, 0, 1
In28, Run: 042, P, 0, 1
In28, Run: 043, P, 0, 1
In28, Run: 044, P, 0, 1
In28, Run: 045, P, 0, 3
In28, Run: 046, P, 0, 3
In28, Run: 047, P, 0, 1
In28, Run: 048, P, 0, 3
In28, Run: 049, P, 0, 3
In28, Run: 050, P, 0, 1
In28, Run: 051, P, 0, 1
In28, Run: 052, P, 0, 3
In28, Run: 053, P, 0, 1
In28, Run: 054, P, 0, 1
In28, Run: 055, P, 0, 1
In28, Run: 056, P, 0, 1
In28, Run: 057, P, 0, 1
In28, Run: 058, P, 0, 1
In28, Run: 059, P, 0, 1
In28, Run: 060, P, 0, 1
In28, Run: 061, P, 0, 1
In28, Run: 062, P, 0, 1
In28, Run: 063, P, 0, 1
In28, Run: 064, P, 0, 3
In28, Run: 065, P, 0, 3
In28, Run: 066, P, 0, 1
In28, Run: 067, P, 0, 3
In28, Run: 068, P, 0, 3
In28, Run: 069, P, 0, 3
In28, Run: 070, P, 0, 3
In28, Run: 071, P, 0, 1
In28, Run: 072, P, 0, 5
In28, Run: 073, P, 0, 3
In28, Run: 074, P, 0, 3
In28, Run: 075, P, 0, 1
In28, Run: 076, P, 0, 1
In28, Run: 077, P, 0, 1
In28, Run: 078, P, 0, 1
In28, Run: 079, P, 0, 1
In28, Run: 080, P, 0, 1
In28, Run: 081, P, 0, 1
In28, Run: 082, P, 0, 1
In28, Run: 083, P, 0, 3
In28, Run: 084, P, 0, 3
In28, Run: 085, P, 0, 1
In28, Run: 086, P, 0, 1
In28, Run: 087, P, 0, 3
In28, Run: 088, P, 0, 1
In28, Run: 089, P, 0, 1
In28, Run: 090, P, 0, 3
In28, Run: 091, P, 0, 1
In28, Run: 092, P, 0, 1
In28, Run: 093, P, 0, 1
In28, Run: 094, P, 0, 1
In28, Run: 095, P, 0, 3
In28, Run: 096, P, 0, 1
In28, Run: 097, P, 0, 1
In28, Run: 098, P, 0, 1
In28, Run: 099, P, 0, 1
In28, Run: 100, P, 0, 1
In29, Run: 001, P, 0, 1
In29, Run: 002, P, 0, 1
In29, Run: 003, P, 0, 1
In29, Run: 004, P, 0, 1
In29, Run: 005, P, 0, 1
In29, Run: 006, P, 0, 1
In29, Run: 007, P, 0, 1
In29, Run: 008, P, 0, 1
In29, Run: 009, P, 0, 1
In29, Run: 010, P, 0, 1
In29, Run: 011, P, 0, 1
In29, Run: 012, P, 0, 3
In29, Run: 013, P, 0, 3
In29, Run: 014, P, 0, 1
In29, Run: 015, P, 0, 1
In29, Run: 016, P, 0, 1
In29, Run: 017, P, 0, 3
In29, Run: 018, P, 0, 1
In29, Run: 019, P, 0, 1
In29, Run: 020, P, 0, 3
In29, Run: 021, P, 0, 1
In29, Run: 022, P, 0, 3
In29, Run: 023, P, 0, 3
In29, Run: 024, P, 0, 1
In29, Run: 025, P, 0, 1
In29, Run: 026, P, 0, 1
In29, Run: 027, P, 0, 1
In29, Run: 028, P, 0, 3
In29, Run: 029, P, 0, 1
In29, Run: 030, P, 0, 3
In29, Run: 031, P, 0, 1
In29, Run: 032, P, 0, 1
In29, Run: 033, P, 0, 1
In29, Run: 034, P, 0, 3
In29, Run: 035, P, 0, 1
In29, Run: 036, P, 0, 1
In29, Run: 037, P, 0, 1
In29, Run: 038, P, 0, 3
In29, Run: 039, P, 0, 1
In29, Run: 040, P, 0, 1
In29, Run: 041, P, 0, 1
In29, Run: 042, P, 0, 1
In29, Run: 043, P, 0, 1
In29, Run: 044, P, 0, 1
In29, Run: 045, P, 0, 1
In29, Run: 046, P, 0, 3
In29, Run: 047, P, 0, 1
In29, Run: 048, P, 0, 3
In29, Run: 049, P, 0, 1
In29, Run: 050, P, 0, 1
In29, Run: 051, P, 0, 1
In29, Run: 052, P, 0, 3
In29, Run: 053, P, 0, 1
In29, Run: 054, P, 0, 1
In29, Run: 055, P, 0, 1
In29, Run: 056, P, 0, 1
In29, Run: 057, P, 0, 1
In29, Run: 058, P, 0, 3
In29, Run: 059, P, 0, 1
In29, Run: 060, P, 0, 5
In29, Run: 061, P, 0, 1
In29, Run: 062, P, 0, 5
In29, Run: 063, P, 0, 1
In29, Run: 064, P, 0, 1
In29, Run: 065, P, 0, 1
In29, Run: 066, P, 0, 3
In29, Run: 067, P, 0, 1
In29, Run: 068, P, 0, 1
In29, Run: 069, P, 0, 1
In29, Run: 070, P, 0, 1
In29, Run: 071, P, 0, 1
In29, Run: 072, P, 0, 3
In29, Run: 073, P, 0, 1
In29, Run: 074, P, 0, 1
In29, Run: 075, P, 0, 3
In29, Run: 076, P, 0, 3
In29, Run: 077, P, 0, 1
In29, Run: 078, P, 0, 3
In29, Run: 079, P, 0, 1
In29, Run: 080, P, 0, 1
In29, Run: 081, P, 0, 1
In29, Run: 082, P, 0, 1
In29, Run: 083, P, 0, 1
In29, Run: 084, P, 0, 3
In29, Run: 085, P, 0, 3
In29, Run: 086, P, 0, 1
In29, Run: 087, P, 0, 3
In29, Run: 088, P, 0, 1
In29, Run: 089, P, 0, 1
In29, Run: 090, P, 0, 1
In29, Run: 091, P, 0, 1
In29, Run: 092, P, 0, 1
In29, Run: 093, P, 0, 3
In29, Run: 094, P, 0, 1
In29, Run: 095, P, 0, 1
In29, Run: 096, P, 0, 1
In29, Run: 097, P, 0, 1
In29, Run: 098, P, 0, 1
In29, Run: 099, P, 0, 1
In29, Run: 100, P, 0, 1
In30, Run: 001, P, 0, 1
In30, Run: 002, P, 0, 1
In30, Run: 003, P, 0, 3
In30, Run: 004, P, 0, 1
In30, Run: 005, P, 0, 1
In30, Run: 006, P, 0, 1
In30, Run: 007, P, 0, 1
In30, Run: 008, P, 0, 3
In30, Run: 009, P, 0, 1
In30, Run: 010, P, 0, 1
In30, Run: 011, P, 0, 1
In30, Run: 012, P, 0, 1
In30, Run: 013, P, 0, 1
In30, Run: 014, P, 0, 1
In30, Run: 015, P, 0, 3
In30, Run: 016, P, 0, 1
In30, Run: 017, P, 0, 1
In30, Run: 018, P, 0, 1
In30, Run: 019, P, 0, 1
In30, Run: 020, P, 0, 3
In30, Run: 021, P, 0, 3
In30, Run: 022, P, 0, 1
In30, Run: 023, P, 0, 1
In30, Run: 024, P, 0, 1
In30, Run: 025, P, 0, 1
In30, Run: 026, P, 0, 3
In30, Run: 027, P, 0, 1
In30, Run: 028, P, 0, 1
In30, Run: 029, P, 0, 1
In30, Run: 030, P, 0, 1
In30, Run: 031, P, 0, 1
In30, Run: 032, P, 0, 1
In30, Run: 033, P, 0, 3
In30, Run: 034, P, 0, 1
In30, Run: 035, P, 0, 1
In30, Run: 036, P, 0, 3
In30, Run: 037, P, 0, 1
In30, Run: 038, P, 0, 1
In30, Run: 039, P, 0, 1
In30, Run: 040, P, 0, 3
In30, Run: 041, P, 0, 1
In30, Run: 042, P, 0, 1
In30, Run: 043, P, 0, 1
In30, Run: 044, P, 0, 3
In30, Run: 045, P, 0, 3
In30, Run: 046, P, 0, 3
In30, Run: 047, P, 0, 1
In30, Run: 048, P, 0, 3
In30, Run: 049, P, 0, 3
In30, Run: 050, P, 0, 3
In30, Run: 051, P, 0, 3
In30, Run: 052, P, 0, 3
In30, Run: 053, P, 0, 1
In30, Run: 054, P, 0, 1
In30, Run: 055, P, 0, 1
In30, Run: 056, P, 0, 5
In30, Run: 057, P, 0, 3
In30, Run: 058, P, 0, 3
In30, Run: 059, P, 0, 1
In30, Run: 060, P, 0, 1
In30, Run: 061, P, 0, 1
In30, Run: 062, P, 0, 1
In30, Run: 063, P, 0, 1
In30, Run: 064, P, 0, 3
In30, Run: 065, P, 0, 1
In30, Run: 066, P, 0, 1
In30, Run: 067, P, 0, 1
In30, Run: 068, P, 0, 3
In30, Run: 069, P, 0, 1
In30, Run: 070, P, 0, 1
In30, Run: 071, P, 0, 3
In30, Run: 072, P, 0, 1
In30, Run: 073, P, 0, 1
In30, Run: 074, P, 0, 1
In30, Run: 075, P, 0, 1
In30, Run: 076, P, 0, 1
In30, Run: 077, P, 0, 1
In30, Run: 078, P, 0, 1
In30, Run: 079, P, 0, 3
In30, Run: 080, P, 0, 1
In30, Run: 081, P, 0, 3
In30, Run: 082, P, 0, 3
In30, Run: 083, P, 0, 3
In30, Run: 084, P, 0, 3
In30, Run: 085, P, 0, 1
In30, Run: 086, P, 0, 1
In30, Run: 087, P, 0, 1
In30, Run: 088, P, 0, 1
In30, Run: 089, P, 0, 1
In30, Run: 090, P, 0, 1
In30, Run: 091, P, 0, 1
In30, Run: 092, P, 0, 1
In30, Run: 093, P, 0, 3
In30, Run: 094, P, 0, 1
In30, Run: 095, P, 0, 1
In30, Run: 096, P, 0, 1
In30, Run: 097, P, 0, 3
In30, Run: 098, P, 0, 1
In30, Run: 099, P, 0, 1
In30, Run: 100, P, 0, 3
In32, Run: 001, P, 0, 0
In32, Run: 002, P, 0, 2
In32, Run: 003, P, 0, 2
In32, Run: 004, P, 0, 0
In32, Run: 005, P, 0, 0
In32, Run: 006, P, 0, 2
In32, Run: 007, P, 0, 2
In32, Run: 008, P, 0, 2
In32, Run: 009, P, 0, 2
In32, Run: 010, P, 0, 2
In32, Run: 011, P, 0, 0
In32, Run: 012, P, 0, 0
In32, Run: 013, P, 0, 0
In32, Run: 014, P, 0, 2
In32, Run: 015, P, 0, 2
In32, Run: 016, P, 0, 2
In32, Run: 017, P, 0, 0
In32, Run: 018, P, 0, 4
In32, Run: 019, P, 0, 0
In32, Run: 020, P, 0, 2
In32, Run: 021, P, 0, 2
In32, Run: 022, P, 0, 2
In32, Run: 023, P, 0, 0
In32, Run: 024, P, 0, 2
In32, Run: 025, P, 0, 2
In32, Run: 026, P, 0, 0
In32, Run: 027, P, 0, 0
In32, Run: 028, P, 0, 2
In32, Run: 029, P, 0, 0
In32, Run: 030, P, 0, 2
In32, Run: 031, P, 0, 0
In32, Run: 032, P, 0, 2
In32, Run: 033, P, 0, 0
In32, Run: 034, P, 0, 2
In32, Run: 035, P, 0, 2
In32, Run: 036, P, 0, 2
In32, Run: 037, P, 0, 2
In32, Run: 038, P, 0, 0
In32, Run: 039, P, 0, 2
In32, Run: 040, P, 0, 2
In32, Run: 041, P, 0, 0
In32, Run: 042, P, 0, 2
In32, Run: 043, P, 0, 2
In32, Run: 044, P, 0, 0
In32, Run: 045, P, 0, 2
In32, Run: 046, P, 0, 2
In32, Run: 047, P, 0, 2
In32, Run: 048, P, 0, 2
In32, Run: 049, P, 0, 2
In32, Run: 050, P, 0, 2
In32, Run: 051, P, 0, 2
In32, Run: 052, P, 0, 0
In32, Run: 053, P, 0, 2
In32, Run: 054, P, 0, 0
In32, Run: 055, P, 0, 2
In32, Run: 056, P, 0, 0
In32, Run: 057, P, 0, 2
In32, Run: 058, P, 0, 0
In32, Run: 059, P, 0, 0
In32, Run: 060, P, 0, 6
In32, Run: 061, P, 0, 0
In32, Run: 062, P, 0, 0
In32, Run: 063, P, 0, 0
In32, Run: 064, P, 0, 2
In32, Run: 065, P, 0, 2
In32, Run: 066, P, 0, 2
In32, Run: 067, P, 0, 2
In32, Run: 068, P, 0, 4
In32, Run: 069, P, 0, 0
In32, Run: 070, P, 0, 2
In32, Run: 071, P, 0, 0
In32, Run: 072, P, 0, 2
In32, Run: 073, P, 0, 2
In32, Run: 074, P, 0, 0
In32, Run: 075, P, 0, 2
In32, Run: 076, P, 0, 0
In32, Run: 077, P, 0, 0
In32, Run: 078, P, 0, 0
In32, Run: 079, P, 0, 2
In32, Run: 080, P, 0, 2
In32, Run: 081, P, 0, 2
In32, Run: 082, P, 0, 2
In32, Run: 083, P, 0, 4
In32, Run: 084, P, 0, 2
In32, Run: 085, P, 0, 2
In32, Run: 086, P, 0, 0
In32, Run: 087, P, 0, 2
In32, Run: 088, P, 0, 0
In32, Run: 089, P, 0, 2
In32, Run: 090, P, 0, 0
In32, Run: 091, P, 0, 2
In32, Run: 092, P, 0, 0
In32, Run: 093, P, 0, 2
In32, Run: 094, P, 0, 0
In32, Run: 095, P, 0, 2
In32, Run: 096, P, 0, 2
In32, Run: 097, P, 0, 2
In32, Run: 098, P, 0, 2
In32, Run: 099, P, 0, 2
In32, Run: 100, P, 0, 2
In33, Run: 001, P, 0, 2
In33, Run: 002, P, 0, 2
In33, Run: 003, P, 0, 2
In33, Run: 004, P, 0, 2
In33, Run: 005, P, 0, 2
In33, Run: 006, P, 0, 4
In33, Run: 007, P, 0, 2
In33, Run: 008, P, 0, 0
In33, Run: 009, P, 0, 0
In33, Run: 010, P, 0, 2
In33, Run: 011, P, 0, 0
In33, Run: 012, P, 0, 0
In33, Run: 013, P, 0, 0
In33, Run: 014, P, 0, 2
In33, Run: 015, P, 0, 0
In33, Run: 016, P, 0, 0
In33, Run: 017, P, 0, 2
In33, Run: 018, P, 0, 0
In33, Run: 019, P, 0, 2
In33, Run: 020, P, 0, 0
In33, Run: 021, P, 0, 0
In33, Run: 022, P, 0, 4
In33, Run: 023, P, 0, 0
In33, Run: 024, P, 0, 2
In33, Run: 025, P, 0, 2
In33, Run: 026, P, 0, 4
In33, Run: 027, P, 0, 2
In33, Run: 028, P, 0, 2
In33, Run: 029, P, 0, 0
In33, Run: 030, P, 0, 2
In33, Run: 031, P, 0, 0
In33, Run: 032, P, 0, 0
In33, Run: 033, P, 0, 2
In33, Run: 034, P, 0, 2
In33, Run: 035, P, 0, 2
In33, Run: 036, P, 0, 4
In33, Run: 037, P, 0, 0
In33, Run: 038, P, 0, 0
In33, Run: 039, P, 0, 2
In33, Run: 040, P, 0, 0
In33, Run: 041, P, 0, 2
In33, Run: 042, P, 0, 0
In33, Run: 043, P, 0, 2
In33, Run: 044, P, 0, 2
In33, Run: 045, P, 0, 4
In33, Run: 046, P, 0, 2
In33, Run: 047, P, 0, 0
In33, Run: 048, P, 0, 0
In33, Run: 049, P, 0, 0
In33, Run: 050, P, 0, 0
In33, Run: 051, P, 0, 2
In33, Run: 052, P, 0, 2
In33, Run: 053, P, 0, 2
In33, Run: 054, P, 0, 0
In33, Run: 055, P, 0, 0
In33, Run: 056, P, 0, 2
In33, Run: 057, P, 0, 2
In33, Run: 058, P, 0, 2
In33, Run: 059, P, 0, 0
In33, Run: 060, P, 0, 2
In33, Run: 061, P, 0, 0
In33, Run: 062, P, 0, 4
In33, Run: 063, P, 0, 2
In33, Run: 064, P, 0, 2
In33, Run: 065, P, 0, 0
In33, Run: 066, P, 0, 2
In33, Run: 067, P, 0, 2
In33, Run: 068, P, 0, 2
In33, Run: 069, P, 0, 0
In33, Run: 070, P, 0, 0
In33, Run: 071, P, 0, 2
In33, Run: 072, P, 0, 2
In33, Run: 073, P, 0, 2
In33, Run: 074, P, 0, 2
In33, Run: 075, P, 0, 2
In33, Run: 076, P, 0, 4
In33, Run: 077, P, 0, 0
In33, Run: 078, P, 0, 2
In33, Run: 079, P, 0, 2
In33, Run: 080, P, 0, 2
In33, Run: 081, P, 0, 2
In33, Run: 082, P, 0, 0
In33, Run: 083, P, 0, 0
In33, Run: 084, P, 0, 2
In33, Run: 085, P, 0, 4
In33, Run: 086, P, 0, 2
In33, Run: 087, P, 0, 2
In33, Run: 088, P, 0, 2
In33, Run: 089, P, 0, 0
In33, Run: 090, P, 0, 2
In33, Run: 091, P, 0, 0
In33, Run: 092, P, 0, 2
In33, Run: 093, P, 0, 4
In33, Run: 094, P, 0, 2
In33, Run: 095, P, 0, 0
In33, Run: 096, P, 0, 4
In33, Run: 097, P, 0, 0
In33, Run: 098, P, 0, 2
In33, Run: 099, P, 0, 2
In33, Run: 100, P, 0, 2
In34, Run: 001, P, 0, 2
In34, Run: 002, P, 0, 0
In34, Run: 003, P, 0, 2
In34, Run: 004, P, 0, 2
In34, Run: 005, P, 0, 0
In34, Run: 006, P, 0, 2
In34, Run: 007, P, 0, 2
In34, Run: 008, P, 0, 0
In34, Run: 009, P, 0, 2
In34, Run: 010, P, 0, 2
In34, Run: 011, P, 0, 0
In34, Run: 012, P, 0, 2
In34, Run: 013, P, 0, 0
In34, Run: 014, P, 0, 0
In34, Run: 015, P, 0, 2
In34, Run: 016, P, 0, 0
In34, Run: 017, P, 0, 2
In34, Run: 018, P, 0, 4
In34, Run: 019, P, 0, 2
In34, Run: 020, P, 0, 0
In34, Run: 021, P, 0, 2
In34, Run: 022, P, 0, 2
In34, Run: 023, P, 0, 2
In34, Run: 024, P, 0, 2
In34, Run: 025, P, 0, 4
In34, Run: 026, P, 0, 2
In34, Run: 027, P, 0, 2
In34, Run: 028, P, 0, 4
In34, Run: 029, P, 0, 2
In34, Run: 030, P, 0, 2
In34, Run: 031, P, 0, 2
In34, Run: 032, P, 0, 0
In34, Run: 033, P, 0, 2
In34, Run: 034, P, 0, 2
In34, Run: 035, P, 0, 2
In34, Run: 036, P, 0, 0
In34, Run: 037, P, 0, 2
In34, Run: 038, P, 0, 2
In34, Run: 039, P, 0, 0
In34, Run: 040, P, 0, 0
In34, Run: 041, P, 0, 0
In34, Run: 042, P, 0, 2
In34, Run: 043, P, 0, 0
In34, Run: 044, P, 0, 2
In34, Run: 045, P, 0, 2
In34, Run: 046, P, 0, 2
In34, Run: 047, P, 0, 2
In34, Run: 048, P, 0, 2
In34, Run: 049, P, 0, 2
In34, Run: 050, P, 0, 2
In34, Run: 051, P, 0, 2
In34, Run: 052, P, 0, 2
In34, Run: 053, P, 0, 2
In34, Run: 054, P, 0, 2
In34, Run: 055, P, 0, 0
In34, Run: 056, P, 0, 2
In34, Run: 057, P, 0, 0
In34, Run: 058, P, 0, 4
In34, Run: 059, P, 0, 4
In34, Run: 060, P, 0, 2
In34, Run: 061, P, 0, 4
In34, Run: 062, P, 0, 2
In34, Run: 063, P, 0, 0
In34, Run: 064, P, 0, 0
In34, Run: 065, P, 0, 0
In34, Run: 066, P, 0, 2
In34, Run: 067, P, 0, 2
In34, Run: 068, P, 0, 0
In34, Run: 069, P, 0, 2
In34, Run: 070, P, 0, 0
In34, Run: 071, P, 0, 2
In34, Run: 072, P, 0, 0
In34, Run: 073, P, 0, 0
In34, Run: 074, P, 0, 0
In34, Run: 075, P, 0, 2
In34, Run: 076, P, 0, 2
In34, Run: 077, P, 0, 0
In34, Run: 078, P, 0, 2
In34, Run: 079, P, 0, 0
In34, Run: 080, P, 0, 2
In34, Run: 081, P, 0, 0
In34, Run: 082, P, 0, 2
In34, Run: 083, P, 0, 0
In34, Run: 084, P, 0, 0
In34, Run: 085, P, 0, 2
In34, Run: 086, P, 0, 2
In34, Run: 087, P, 0, 0
In34, Run: 088, P, 0, 0
In34, Run: 089, P, 0, 2
In34, Run: 090, P, 0, 0
In34, Run: 091, P, 0, 4
In34, Run: 092, P, 0, 2
In34, Run: 093, P, 0, 0
In34, Run: 094, P, 0, 2
In34, Run: 095, P, 0, 2
In34, Run: 096, P, 0, 0
In34, Run: 097, P, 0, 0
In34, Run: 098, P, 0, 2
In34, Run: 099, P, 0, 4
In34, Run: 100, P, 0, 0
In35, Run: 001, P, 0, 2
In35, Run: 002, P, 0, 0
In35, Run: 003, P, 0, 4
In35, Run: 004, P, 0, 4
In35, Run: 005, P, 0, 0
In35, Run: 006, P, 0, 0
In35, Run: 007, P, 0, 2
In35, Run: 008, P, 0, 2
In35, Run: 009, P, 0, 2
In35, Run: 010, P, 0, 2
In35, Run: 011, P, 0, 2
In35, Run: 012, P, 0, 2
In35, Run: 013, P, 0, 2
In35, Run: 014, P, 0, 4
In35, Run: 015, P, 0, 2
In35, Run: 016, P, 0, 2
In35, Run: 017, P, 0, 0
In35, Run: 018, P, 0, 0
In35, Run: 019, P, 0, 0
In35, Run: 020, P, 0, 2
In35, Run: 021, P, 0, 2
In35, Run: 022, P, 0, 4
In35, Run: 023, P, 0, 4
In35, Run: 024, P, 0, 2
In35, Run: 025, P, 0, 4
In35, Run: 026, P, 0, 2
In35, Run: 027, P, 0, 2
In35, Run: 028, P, 0, 2
In35, Run: 029, P, 0, 0
In35, Run: 030, P, 0, 0
In35, Run: 031, P, 0, 2
In35, Run: 032, P, 0, 0
In35, Run: 033, P, 0, 0
In35, Run: 034, P, 0, 2
In35, Run: 035, P, 0, 0
In35, Run: 036, P, 0, 0
In35, Run: 037, P, 0, 0
In35, Run: 038, P, 0, 2
In35, Run: 039, P, 0, 2
In35, Run: 040, P, 0, 0
In35, Run: 041, P, 0, 2
In35, Run: 042, P, 0, 4
In35, Run: 043, P, 0, 2
In35, Run: 044, P, 0, 2
In35, Run: 045, P, 0, 2
In35, Run: 046, P, 0, 2
In35, Run: 047, P, 0, 4
In35, Run: 048, P, 0, 0
In35, Run: 049, P, 0, 0
In35, Run: 050, P, 0, 0
In35, Run: 051, P, 0, 4
In35, Run: 052, P, 0, 2
In35, Run: 053, P, 0, 0
In35, Run: 054, P, 0, 2
In35, Run: 055, P, 0, 2
In35, Run: 056, P, 0, 2
In35, Run: 057, P, 0, 2
In35, Run: 058, P, 0, 2
In35, Run: 059, P, 0, 2
In35, Run: 060, P, 0, 2
In35, Run: 061, P, 0, 2
In35, Run: 062, P, 0, 2
In35, Run: 063, P, 0, 0
In35, Run: 064, P, 0, 4
In35, Run: 065, P, 0, 2
In35, Run: 066, P, 0, 0
In35, Run: 067, P, 0, 2
In35, Run: 068, P, 0, 2
In35, Run: 069, P, 0, 0
In35, Run: 070, P, 0, 0
In35, Run: 071, P, 0, 2
In35, Run: 072, P, 0, 0
In35, Run: 073, P, 0, 2
In35, Run: 074, P, 0, 2
In35, Run: 075, P, 0, 2
In35, Run: 076, P, 0, 2
In35, Run: 077, P, 0, 2
In35, Run: 078, P, 0, 2
In35, Run: 079, P, 0, 0
In35, Run: 080, P, 0, 0
In35, Run: 081, P, 0, 2
In35, Run: 082, P, 0, 0
In35, Run: 083, P, 0, 0
In35, Run: 084, P, 0, 4
In35, Run: 085, P, 0, 2
In35, Run: 086, P, 0, 2
In35, Run: 087, P, 0, 2
In35, Run: 088, P, 0, 2
In35, Run: 089, P, 0, 0
In35, Run: 090, P, 0, 2
In35, Run: 091, P, 0, 2
In35, Run: 092, P, 0, 0
In35, Run: 093, P, 0, 2
In35, Run: 094, P, 0, 4
In35, Run: 095, P, 0, 0
In35, Run: 096, P, 0, 0
In35, Run: 097, P, 0, 0
In35, Run: 098, P, 0, 0
In35, Run: 099, P, 0, 0
In35, Run: 100, P, 0, 2
In36, Run: 001, P, 0, 0
In36, Run: 002, P, 0, 2
In36, Run: 003, P, 0, 4
In36, Run: 004, P, 0, 2
In36, Run: 005, P, 0, 2
In36, Run: 006, P, 0, 4
In36, Run: 007, P, 0, 0
In36, Run: 008, P, 0, 0
In36, Run: 009, P, 0, 0
In36, Run: 010, P, 0, 2
In36, Run: 011, P, 0, 2
In36, Run: 012, P, 0, 2
In36, Run: 013, P, 0, 0
In36, Run: 014, P, 0, 2
In36, Run: 015, P, 0, 0
In36, Run: 016, P, 0, 0
In36, Run: 017, P, 0, 0
In36, Run: 018, P, 0, 2
In36, Run: 019, P, 0, 0
In36, Run: 020, P, 0, 0
In36, Run: 021, P, 0, 4
In36, Run: 022, P, 0, 0
In36, Run: 023, P, 0, 0
In36, Run: 024, P, 0, 2
In36, Run: 025, P, 0, 0
In36, Run: 026, P, 0, 2
In36, Run: 027, P, 0, 2
In36, Run: 028, P, 0, 2
In36, Run: 029, P, 0, 2
In36, Run: 030, P, 0, 2
In36, Run: 031, P, 0, 2
In36, Run: 032, P, 0, 0
In36, Run: 033, P, 0, 2
In36, Run: 034, P, 0, 2
In36, Run: 035, P, 0, 4
In36, Run: 036, P, 0, 4
In36, Run: 037, P, 0, 0
In36, Run: 038, P, 0, 2
In36, Run: 039, P, 0, 2
In36, Run: 040, P, 0, 2
In36, Run: 041, P, 0, 0
In36, Run: 042, P, 0, 4
In36, Run: 043, P, 0, 2
In36, Run: 044, P, 0, 2
In36, Run: 045, P, 0, 0
In36, Run: 046, P, 0, 2
In36, Run: 047, P, 0, 2
In36, Run: 048, P, 0, 0
In36, Run: 049, P, 0, 2
In36, Run: 050, P, 0, 0
In36, Run: 051, P, 0, 2
In36, Run: 052, P, 0, 4
In36, Run: 053, P, 0, 2
In36, Run: 054, P, 0, 0
In36, Run: 055, P, 0, 0
In36, Run: 056, P, 0, 2
In36, Run: 057, P, 0, 2
In36, Run: 058, P, 0, 0
In36, Run: 059, P, 0, 2
In36, Run: 060, P, 0, 2
In36, Run: 061, P, 0, 0
In36, Run: 062, P, 0, 2
In36, Run: 063, P, 0, 2
In36, Run: 064, P, 0, 2
In36, Run: 065, P, 0, 2
In36, Run: 066, P, 0, 0
In36, Run: 067, P, 0, 2
In36, Run: 068, P, 0, 2
In36, Run: 069, P, 0, 2
In36, Run: 070, P, 0, 6
In36, Run: 071, P, 0, 0
In36, Run: 072, P, 0, 0
In36, Run: 073, P, 0, 2
In36, Run: 074, P, 0, 2
In36, Run: 075, P, 0, 0
In36, Run: 076, P, 0, 0
In36, Run: 077, P, 0, 2
In36, Run: 078, P, 0, 0
In36, Run: 079, P, 0, 0
In36, Run: 080, P, 0, 0
In36, Run: 081, P, 0, 0
In36, Run: 082, P, 0, 2
In36, Run: 083, P, 0, 0
In36, Run: 084, P, 0, 0
In36, Run: 085, P, 0, 2
In36, Run: 086, P, 0, 0
In36, Run: 087, P, 0, 4
In36, Run: 088, P, 0, 2
In36, Run: 089, P, 0, 0
In36, Run: 090, P, 0, 2
In36, Run: 091, P, 0, 2
In36, Run: 092, P, 0, 2
In36, Run: 093, P, 0, 2
In36, Run: 094, P, 0, 2
In36, Run: 095, P, 0, 2
In36, Run: 096, P, 0, 2
In36, Run: 097, P, 0, 2
In36, Run: 098, P, 0, 2
In36, Run: 099, P, 0, 0
In36, Run: 100, P, 0, 4
In37, Run: 001, P, 0, 4
In37, Run: 002, P, 0, 2
In37, Run: 003, P, 0, 0
In37, Run: 004, P, 0, 2
In37, Run: 005, P, 0, 0
In37, Run: 006, P, 0, 2
In37, Run: 007, P, 0, 0
In37, Run: 008, P, 0, 2
In37, Run: 009, P, 0, 0
In37, Run: 010, P, 0, 2
In37, Run: 011, P, 0, 0
In37, Run: 012, P, 0, 0
In37, Run: 013, P, 0, 2
In37, Run: 014, P, 0, 2
In37, Run: 015, P, 0, 2
In37, Run: 016, P, 0, 0
In37, Run: 017, P, 0, 2
In37, Run: 018, P, 0, 2
In37, Run: 019, P, 0, 0
In37, Run: 020, P, 0, 2
In37, Run: 021, P, 0, 0
In37, Run: 022, P, 0, 2
In37, Run: 023, P, 0, 2
In37, Run: 024, P, 0, 2
In37, Run: 025, P, 0, 0
In37, Run: 026, P, 0, 0
In37, Run: 027, P, 0, 4
In37, Run: 028, P, 0, 0
In37, Run: 029, P, 0, 0
In37, Run: 030, P, 0, 2
In37, Run: 031, P, 0, 2
In37, Run: 032, P, 0, 2
In37, Run: 033, P, 0, 0
In37, Run: 034, P, 0, 0
In37, Run: 035, P, 0, 2
In37, Run: 036, P, 0, 4
In37, Run: 037, P, 0, 2
In37, Run: 038, P, 0, 0
In37, Run: 039, P, 0, 2
In37, Run: 040, P, 0, 4
In37, Run: 041, P, 0, 2
In37, Run: 042, P, 0, 2
In37, Run: 043, P, 0, 2
In37, Run: 044, P, 0, 0
In37, Run: 045, P, 0, 2
In37, Run: 046, P, 0, 2
In37, Run: 047, P, 0, 2
In37, Run: 048, P, 0, 2
In37, Run: 049, P, 0, 2
In37, Run: 050, P, 0, 2
In37, Run: 051, P, 0, 0
In37, Run: 052, P, 0, 0
In37, Run: 053, P, 0, 2
In37, Run: 054, P, 0, 2
In37, Run: 055, P, 0, 2
In37, Run: 056, P, 0, 2
In37, Run: 057, P, 0, 0
In37, Run: 058, P, 0, 0
In37, Run: 059, P, 0, 2
In37, Run: 060, P, 0, 0
In37, Run: 061, P, 0, 2
In37, Run: 062, P, 0, 2
In37, Run: 063, P, 0, 0
In37, Run: 064, P, 0, 2
In37, Run: 065, P, 0, 2
In37, Run: 066, P, 0, 0
In37, Run: 067, P, 0, 2
In37, Run: 068, P, 0, 2
In37, Run: 069, P, 0, 0
In37, Run: 070, P, 0, 2
In37, Run: 071, P, 0, 0
In37, Run: 072, P, 0, 4
In37, Run: 073, P, 0, 2
In37, Run: 074, P, 0, 2
In37, Run: 075, P, 0, 2
In37, Run: 076, P, 0, 2
In37, Run: 077, P, 0, 2
In37, Run: 078, P, 0, 2
In37, Run: 079, P, 0, 0
In37, Run: 080, P, 0, 2
In37, Run: 081, P, 0, 4
In37, Run: 082, P, 0, 0
In37, Run: 083, P, 0, 4
In37, Run: 084, P, 0, 0
In37, Run: 085, P, 0, 0
In37, Run: 086, P, 0, 2
In37, Run: 087, P, 0, 2
In37, Run: 088, P, 0, 2
In37, Run: 089, P, 0, 2
In37, Run: 090, P, 0, 2
In37, Run: 091, P, 0, 2
In37, Run: 092, P, 0, 2
In37, Run: 093, P, 0, 2
In37, Run: 094, P, 0, 6
In37, Run: 095, P, 0, 2
In37, Run: 096, P, 0, 2
In37, Run: 097, P, 0, 0
In37, Run: 098, P, 0, 2
In37, Run: 099, P, 0, 2
In37, Run: 100, P, 0, 0
In38, Run: 001, P, 0, 0
In38, Run: 002, P, 0, 2
In38, Run: 003, P, 0, 0
In38, Run: 004, P, 0, 2
In38, Run: 005, P, 0, 2
In38, Run: 006, P, 0, 0
In38, Run: 007, P, 0, 2
In38, Run: 008, P, 0, 2
In38, Run: 009, P, 0, 0
In38, Run: 010, P, 0, 2
In38, Run: 011, P, 0, 2
In38, Run: 012, P, 0, 0
In38, Run: 013, P, 0, 0
In38, Run: 014, P, 0, 0
In38, Run: 015, P, 0, 2
In38, Run: 016, P, 0, 0
In38, Run: 017, P, 0, 2
In38, Run: 018, P, 0, 0
In38, Run: 019, P, 0, 2
In38, Run: 020, P, 0, 2
In38, Run: 021, P, 0, 0
In38, Run: 022, P, 0, 2
In38, Run: 023, P, 0, 2
In38, Run: 024, P, 0, 2
In38, Run: 025, P, 0, 2
In38, Run: 026, P, 0, 2
In38, Run: 027, P, 0, 2
In38, Run: 028, P, 0, 0
In38, Run: 029, P, 0, 6
In38, Run: 030, P, 0, 2
In38, Run: 031, P, 0, 0
In38, Run: 032, P, 0, 2
In38, Run: 033, P, 0, 0
In38, Run: 034, P, 0, 2
In38, Run: 035, P, 0, 2
In38, Run: 036, P, 0, 0
In38, Run: 037, P, 0, 0
In38, Run: 038, P, 0, 0
In38, Run: 039, P, 0, 0
In38, Run: 040, P, 0, 0
In38, Run: 041, P, 0, 2
In38, Run: 042, P, 0, 2
In38, Run: 043, P, 0, 2
In38, Run: 044, P, 0, 0
In38, Run: 045, P, 0, 0
In38, Run: 046, P, 0, 0
In38, Run: 047, P, 0, 2
In38, Run: 048, P, 0, 2
In38, Run: 049, P, 0, 2
In38, Run: 050, P, 0, 0
In38, Run: 051, P, 0, 0
In38, Run: 052, P, 0, 2
In38, Run: 053, P, 0, 2
In38, Run: 054, P, 0, 0
In38, Run: 055, P, 0, 0
In38, Run: 056, P, 0, 0
In38, Run: 057, P, 0, 2
In38, Run: 058, P, 0, 2
In38, Run: 059, P, 0, 2
In38, Run: 060, P, 0, 2
In38, Run: 061, P, 0, 2
In38, Run: 062, P, 0, 0
In38, Run: 063, P, 0, 2
In38, Run: 064, P, 0, 0
In38, Run: 065, P, 0, 2
In38, Run: 066, P, 0, 0
In38, Run: 067, P, 0, 0
In38, Run: 068, P, 0, 0
In38, Run: 069, P, 0, 0
In38, Run: 070, P, 0, 2
In38, Run: 071, P, 0, 2
In38, Run: 072, P, 0, 0
In38, Run: 073, P, 0, 4
In38, Run: 074, P, 0, 0
In38, Run: 075, P, 0, 2
In38, Run: 076, P, 0, 0
In38, Run: 077, P, 0, 2
In38, Run: 078, P, 0, 2
In38, Run: 079, P, 0, 2
In38, Run: 080, P, 0, 4
In38, Run: 081, P, 0, 0
In38, Run: 082, P, 0, 0
In38, Run: 083, P, 0, 2
In38, Run: 084, P, 0, 0
In38, Run: 085, P, 0, 0
In38, Run: 086, P, 0, 2
In38, Run: 087, P, 0, 0
In38, Run: 088, P, 0, 2
In38, Run: 089, P, 0, 2
In38, Run: 090, P, 0, 2
In38, Run: 091, P, 0, 4
In38, Run: 092, P, 0, 2
In38, Run: 093, P, 0, 2
In38, Run: 094, P, 0, 2
In38, Run: 095, P, 0, 0
In38, Run: 096, P, 0, 2
In38, Run: 097, P, 0, 4
In38, Run: 098, P, 0, 0
In38, Run: 099, P, 0, 0
In38, Run: 100, P, 0, 0
In39, Run: 001, P, 0, 2
In39, Run: 002, P, 0, 2
In39, Run: 003, P, 0, 0
In39, Run: 004, P, 0, 2
In39, Run: 005, P, 0, 2
In39, Run: 006, P, 0, 2
In39, Run: 007, P, 0, 0
In39, Run: 008, P, 0, 0
In39, Run: 009, P, 0, 2
In39, Run: 010, P, 0, 2
In39, Run: 011, P, 0, 0
In39, Run: 012, P, 0, 2
In39, Run: 013, P, 0, 0
In39, Run: 014, P, 0, 2
In39, Run: 015, P, 0, 2
In39, Run: 016, P, 0, 0
In39, Run: 017, P, 0, 4
In39, Run: 018, P, 0, 2
In39, Run: 019, P, 0, 2
In39, Run: 020, P, 0, 2
In39, Run: 021, P, 0, 2
In39, Run: 022, P, 0, 0
In39, Run: 023, P, 0, 0
In39, Run: 024, P, 0, 2
In39, Run: 025, P, 0, 0
In39, Run: 026, P, 0, 0
In39, Run: 027, P, 0, 4
In39, Run: 028, P, 0, 2
In39, Run: 029, P, 0, 0
In39, Run: 030, P, 0, 2
In39, Run: 031, P, 0, 0
In39, Run: 032, P, 0, 2
In39, Run: 033, P, 0, 0
In39, Run: 034, P, 0, 2
In39, Run: 035, P, 0, 2
In39, Run: 036, P, 0, 0
In39, Run: 037, P, 0, 0
In39, Run: 038, P, 0, 2
In39, Run: 039, P, 0, 2
In39, Run: 040, P, 0, 2
In39, Run: 041, P, 0, 0
In39, Run: 042, P, 0, 4
In39, Run: 043, P, 0, 0
In39, Run: 044, P, 0, 0
In39, Run: 045, P, 0, 2
In39, Run: 046, P, 0, 4
In39, Run: 047, P, 0, 2
In39, Run: 048, P, 0, 2
In39, Run: 049, P, 0, 2
In39, Run: 050, P, 0, 0
In39, Run: 051, P, 0, 4
In39, Run: 052, P, 0, 0
In39, Run: 053, P, 0, 0
In39, Run: 054, P, 0, 2
In39, Run: 055, P, 0, 4
In39, Run: 056, P, 0, 2
In39, Run: 057, P, 0, 2
In39, Run: 058, P, 0, 2
In39, Run: 059, P, 0, 2
In39, Run: 060, P, 0, 2
In39, Run: 061, P, 0, 2
In39, Run: 062, P, 0, 2
In39, Run: 063, P, 0, 2
In39, Run: 064, P, 0, 0
In39, Run: 065, P, 0, 2
In39, Run: 066, P, 0, 2
In39, Run: 067, P, 0, 2
In39, Run: 068, P, 0, 0
In39, Run: 069, P, 0, 2
In39, Run: 070, P, 0, 2
In39, Run: 071, P, 0, 2
In39, Run: 072, P, 0, 2
In39, Run: 073, P, 0, 2
In39, Run: 074, P, 0, 4
In39, Run: 075, P, 0, 2
In39, Run: 076, P, 0, 0
In39, Run: 077, P, 0, 0
In39, Run: 078, P, 0, 2
In39, Run: 079, P, 0, 0
In39, Run: 080, P, 0, 2
In39, Run: 081, P, 0, 0
In39, Run: 082, P, 0, 2
In39, Run: 083, P, 0, 2
In39, Run: 084, P, 0, 2
In39, Run: 085, P, 0, 0
In39, Run: 086, P, 0, 0
In39, Run: 087, P, 0, 0
In39, Run: 088, P, 0, 4
In39, Run: 089, P, 0, 4
In39, Run: 090, P, 0, 0
In39, Run: 091, P, 0, 2
In39, Run: 092, P, 0, 2
In39, Run: 093, P, 0, 2
In39, Run: 094, P, 0, 2
In39, Run: 095, P, 0, 2
In39, Run: 096, P, 0, 2
In39, Run: 097, P, 0, 2
In39, Run: 098, P, 0, 2
In39, Run: 099, P, 0, 2
In39, Run: 100, P, 0, 0
In40, Run: 001, P, 0, 0
In40, Run: 002, P, 0, 2
In40, Run: 003, P, 0, 0
In40, Run: 004, P, 0, 2
In40, Run: 005, P, 0, 2
In40, Run: 006, P, 0, 0
In40, Run: 007, P, 0, 4
In40, Run: 008, P, 0, 0
In40, Run: 009, P, 0, 0
In40, Run: 010, P, 0, 2
In40, Run: 011, P, 0, 2
In40, Run: 012, P, 0, 0
In40, Run: 013, P, 0, 4
In40, Run: 014, P, 0, 4
In40, Run: 015, P, 0, 0
In40, Run: 016, P, 0, 2
In40, Run: 017, P, 0, 2
In40, Run: 018, P, 0, 2
In40, Run: 019, P, 0, 0
In40, Run: 020, P, 0, 0
In40, Run: 021, P, 0, 0
In40, Run: 022, P, 0, 2
In40, Run: 023, P, 0, 4
In40, Run: 024, P, 0, 0
In40, Run: 025, P, 0, 0
In40, Run: 026, P, 0, 2
In40, Run: 027, P, 0, 0
In40, Run: 028, P, 0, 0
In40, Run: 029, P, 0, 2
In40, Run: 030, P, 0, 0
In40, Run: 031, P, 0, 4
In40, Run: 032, P, 0, 0
In40, Run: 033, P, 0, 4
In40, Run: 034, P, 0, 2
In40, Run: 035, P, 0, 2
In40, Run: 036, P, 0, 0
In40, Run: 037, P, 0, 2
In40, Run: 038, P, 0, 2
In40, Run: 039, P, 0, 0
In40, Run: 040, P, 0, 2
In40, Run: 041, P, 0, 4
In40, Run: 042, P, 0, 2
In40, Run: 043, P, 0, 0
In40, Run: 044, P, 0, 2
In40, Run: 045, P, 0, 0
In40, Run: 046, P, 0, 0
In40, Run: 047, P, 0, 0
In40, Run: 048, P, 0, 0
In40, Run: 049, P, 0, 2
In40, Run: 050, P, 0, 0
In40, Run: 051, P, 0, 2
In40, Run: 052, P, 0, 2
In40, Run: 053, P, 0, 2
In40, Run: 054, P, 0, 0
In40, Run: 055, P, 0, 0
In40, Run: 056, P, 0, 2
In40, Run: 057, P, 0, 0
In40, Run: 058, P, 0, 2
In40, Run: 059, P, 0, 2
In40, Run: 060, P, 0, 0
In40, Run: 061, P, 0, 0
In40, Run: 062, P, 0, 0
In40, Run: 063, P, 0, 2
In40, Run: 064, P, 0, 2
In40, Run: 065, P, 0, 0
In40, Run: 066, P, 0, 2
In40, Run: 067, P, 0, 2
In40, Run: 068, P, 0, 0
In40, Run: 069, P, 0, 0
In40, Run: 070, P, 0, 0
In40, Run: 071, P, 0, 2
In40, Run: 072, P, 0, 2
In40, Run: 073, P, 0, 2
In40, Run: 074, P, 0, 2
In40, Run: 075, P, 0, 0
In40, Run: 076, P, 0, 0
In40, Run: 077, P, 0, 2
In40, Run: 078, P, 0, 0
In40, Run: 079, P, 0, 0
In40, Run: 080, P, 0, 0
In40, Run: 081, P, 0, 0
In40, Run: 082, P, 0, 0
In40, Run: 083, P, 0, 2
In40, Run: 084, P, 0, 2
In40, Run: 085, P, 0, 2
In40, Run: 086, P, 0, 4
In40, Run: 087, P, 0, 0
In40, Run: 088, P, 0, 2
In40, Run: 089, P, 0, 2
In40, Run: 090, P, 0, 0
In40, Run: 091, P, 0, 0
In40, Run: 092, P, 0, 2
In40, Run: 093, P, 0, 0
In40, Run: 094, P, 0, 0
In40, Run: 095, P, 0, 0
In40, Run: 096, P, 0, 2
In40, Run: 097, P, 0, 0
In40, Run: 098, P, 0, 0
In40, Run: 099, P, 0, 0
In40, Run: 100, P, 0, 2
In41, Run: 001, P, 0, 2
In41, Run: 002, P, 0, 0
In41, Run: 003, P, 0, 2
In41, Run: 004, P, 0, 4
In41, Run: 005, P, 0, 2
In41, Run: 006, P, 0, 0
In41, Run: 007, P, 0, 2
In41, Run: 008, P, 0, 4
In41, Run: 009, P, 0, 2
In41, Run: 010, P, 0, 2
In41, Run: 011, P, 0, 0
In41, Run: 012, P, 0, 2
In41, Run: 013, P, 0, 2
In41, Run: 014, P, 0, 0
In41, Run: 015, P, 0, 4
In41, Run: 016, P, 0, 2
In41, Run: 017, P, 0, 2
In41, Run: 018, P, 0, 0
In41, Run: 019, P, 0, 0
In41, Run: 020, P, 0, 0
In41, Run: 021, P, 0, 0
In41, Run: 022, P, 0, 2
In41, Run: 023, P, 0, 2
In41, Run: 024, P, 0, 2
In41, Run: 025, P, 0, 4
In41, Run: 026, P, 0, 2
In41, Run: 027, P, 0, 2
In41, Run: 028, P, 0, 2
In41, Run: 029, P, 0, 2
In41, Run: 030, P, 0, 0
In41, Run: 031, P, 0, 0
In41, Run: 032, P, 0, 2
In41, Run: 033, P, 0, 4
In41, Run: 034, P, 0, 2
In41, Run: 035, P, 0, 2
In41, Run: 036, P, 0, 0
In41, Run: 037, P, 0, 0
In41, Run: 038, P, 0, 2
In41, Run: 039, P, 0, 0
In41, Run: 040, P, 0, 2
In41, Run: 041, P, 0, 0
In41, Run: 042, P, 0, 0
In41, Run: 043, P, 0, 2
In41, Run: 044, P, 0, 0
In41, Run: 045, P, 0, 0
In41, Run: 046, P, 0, 2
In41, Run: 047, P, 0, 2
In41, Run: 048, P, 0, 0
In41, Run: 049, P, 0, 0
In41, Run: 050, P, 0, 0
In41, Run: 051, P, 0, 2
In41, Run: 052, P, 0, 0
In41, Run: 053, P, 0, 2
In41, Run: 054, P, 0, 2
In41, Run: 055, P, 0, 2
In41, Run: 056, P, 0, 2
In41, Run: 057, P, 0, 0
In41, Run: 058, P, 0, 2
In41, Run: 059, P, 0, 2
In41, Run: 060, P, 0, 2
In41, Run: 061, P, 0, 2
In41, Run: 062, P, 0, 0
In41, Run: 063, P, 0, 2
In41, Run: 064, P, 0, 2
In41, Run: 065, P, 0, 2
In41, Run: 066, P, 0, 0
In41, Run: 067, P, 0, 0
In41, Run: 068, P, 0, 0
In41, Run: 069, P, 0, 2
In41, Run: 070, P, 0, 0
In41, Run: 071, P, 0, 4
In41, Run: 072, P, 0, 2
In41, Run: 073, P, 0, 2
In41, Run: 074, P, 0, 2
In41, Run: 075, P, 0, 2
In41, Run: 076, P, 0, 4
In41, Run: 077, P, 0, 2
In41, Run: 078, P, 0, 2
In41, Run: 079, P, 0, 2
In41, Run: 080, P, 0, 2
In41, Run: 081, P, 0, 0
In41, Run: 082, P, 0, 0
In41, Run: 083, P, 0, 0
In41, Run: 084, P, 0, 2
In41, Run: 085, P, 0, 2
In41, Run: 086, P, 0, 2
In41, Run: 087, P, 0, 4
In41, Run: 088, P, 0, 0
In41, Run: 089, P, 0, 2
In41, Run: 090, P, 0, 0
In41, Run: 091, P, 0, 0
In41, Run: 092, P, 0, 2
In41, Run: 093, P, 0, 2
In41, Run: 094, P, 0, 2
In41, Run: 095, P, 0, 4
In41, Run: 096, P, 0, 4
In41, Run: 097, P, 0, 0
In41, Run: 098, P, 0, 2
In41, Run: 099, P, 0, 2
In41, Run: 100, P, 0, 2
In42, Run: 001, P, 0, 2
In42, Run: 002, P, 0, 2
In42, Run: 003, P, 0, 4
In42, Run: 004, P, 0, 2
In42, Run: 005, P, 0, 2
In42, Run: 006, P, 0, 0
In42, Run: 007, P, 0, 2
In42, Run: 008, P, 0, 2
In42, Run: 009, P, 0, 4
In42, Run: 010, P, 0, 2
In42, Run: 011, P, 0, 0
In42, Run: 012, P, 0, 2
In42, Run: 013, P, 0, 2
In42, Run: 014, P, 0, 0
In42, Run: 015, P, 0, 0
In42, Run: 016, P, 0, 2
In42, Run: 017, P, 0, 0
In42, Run: 018, P, 0, 4
In42, Run: 019, P, 0, 0
In42, Run: 020, P, 0, 2
In42, Run: 021, P, 0, 2
In42, Run: 022, P, 0, 0
In42, Run: 023, P, 0, 2
In42, Run: 024, P, 0, 0
In42, Run: 025, P, 0, 2
In42, Run: 026, P, 0, 2
In42, Run: 027, P, 0, 0
In42, Run: 028, P, 0, 2
In42, Run: 029, P, 0, 2
In42, Run: 030, P, 0, 2
In42, Run: 031, P, 0, 0
In42, Run: 032, P, 0, 2
In42, Run: 033, P, 0, 0
In42, Run: 034, P, 0, 2
In42, Run: 035, P, 0, 4
In42, Run: 036, P, 0, 0
In42, Run: 037, P, 0, 0
In42, Run: 038, P, 0, 0
In42, Run: 039, P, 0, 2
In42, Run: 040, P, 0, 2
In42, Run: 041, P, 0, 2
In42, Run: 042, P, 0, 2
In42, Run: 043, P, 0, 2
In42, Run: 044, P, 0, 0
In42, Run: 045, P, 0, 0
In42, Run: 046, P, 0, 0
In42, Run: 047, P, 0, 2
In42, Run: 048, P, 0, 2
In42, Run: 049, P, 0, 0
In42, Run: 050, P, 0, 0
In42, Run: 051, P, 0, 0
In42, Run: 052, P, 0, 2
In42, Run: 053, P, 0, 0
In42, Run: 054, P, 0, 0
In42, Run: 055, P, 0, 2
In42, Run: 056, P, 0, 2
In42, Run: 057, P, 0, 2
In42, Run: 058, P, 0, 2
In42, Run: 059, P, 0, 2
In42, Run: 060, P, 0, 0
In42, Run: 061, P, 0, 2
In42, Run: 062, P, 0, 0
In42, Run: 063, P, 0, 2
In42, Run: 064, P, 0, 0
In42, Run: 065, P, 0, 0
In42, Run: 066, P, 0, 0
In42, Run: 067, P, 0, 0
In42, Run: 068, P, 0, 4
In42, Run: 069, P, 0, 2
In42, Run: 070, P, 0, 2
In42, Run: 071, P, 0, 2
In42, Run: 072, P, 0, 2
In42, Run: 073, P, 0, 2
In42, Run: 074, P, 0, 2
In42, Run: 075, P, 0, 0
In42, Run: 076, P, 0, 2
In42, Run: 077, P, 0, 0
In42, Run: 078, P, 0, 0
In42, Run: 079, P, 0, 0
In42, Run: 080, P, 0, 2
In42, Run: 081, P, 0, 2
In42, Run: 082, P, 0, 2
In42, Run: 083, P, 0, 0
In42, Run: 084, P, 0, 0
In42, Run: 085, P, 0, 0
In42, Run: 086, P, 0, 2
In42, Run: 087, P, 0, 4
In42, Run: 088, P, 0, 2
In42, Run: 089, P, 0, 2
In42, Run: 090, P, 0, 0
In42, Run: 091, P, 0, 2
In42, Run: 092, P, 0, 2
In42, Run: 093, P, 0, 0
In42, Run: 094, P, 0, 2
In42, Run: 095, P, 0, 2
In42, Run: 096, P, 0, 0
In42, Run: 097, P, 0, 0
In42, Run: 098, P, 0, 2
In42, Run: 099, P, 0, 0
In42, Run: 100, P, 0, 2
In43, Run: 001, P, 0, 2
In43, Run: 002, P, 0, 0
In43, Run: 003, P, 0, 2
In43, Run: 004, P, 0, 2
In43, Run: 005, P, 0, 4
In43, Run: 006, P, 0, 2
In43, Run: 007, P, 0, 2
In43, Run: 008, P, 0, 4
In43, Run: 009, P, 0, 0
In43, Run: 010, P, 0, 2
In43, Run: 011, P, 0, 0
In43, Run: 012, P, 0, 0
In43, Run: 013, P, 0, 2
In43, Run: 014, P, 0, 0
In43, Run: 015, P, 0, 2
In43, Run: 016, P, 0, 2
In43, Run: 017, P, 0, 2
In43, Run: 018, P, 0, 2
In43, Run: 019, P, 0, 0
In43, Run: 020, P, 0, 2
In43, Run: 021, P, 0, 0
In43, Run: 022, P, 0, 0
In43, Run: 023, P, 0, 2
In43, Run: 024, P, 0, 2
In43, Run: 025, P, 0, 2
In43, Run: 026, P, 0, 2
In43, Run: 027, P, 0, 2
In43, Run: 028, P, 0, 4
In43, Run: 029, P, 0, 2
In43, Run: 030, P, 0, 0
In43, Run: 031, P, 0, 0
In43, Run: 032, P, 0, 0
In43, Run: 033, P, 0, 0
In43, Run: 034, P, 0, 2
In43, Run: 035, P, 0, 2
In43, Run: 036, P, 0, 2
In43, Run: 037, P, 0, 2
In43, Run: 038, P, 0, 0
In43, Run: 039, P, 0, 2
In43, Run: 040, P, 0, 2
In43, Run: 041, P, 0, 2
In43, Run: 042, P, 0, 0
In43, Run: 043, P, 0, 4
In43, Run: 044, P, 0, 2
In43, Run: 045, P, 0, 2
In43, Run: 046, P, 0, 0
In43, Run: 047, P, 0, 0
In43, Run: 048, P, 0, 2
In43, Run: 049, P, 0, 2
In43, Run: 050, P, 0, 2
In43, Run: 051, P, 0, 2
In43, Run: 052, P, 0, 2
In43, Run: 053, P, 0, 2
In43, Run: 054, P, 0, 2
In43, Run: 055, P, 0, 2
In43, Run: 056, P, 0, 2
In43, Run: 057, P, 0, 0
In43, Run: 058, P, 0, 0
In43, Run: 059, P, 0, 0
In43, Run: 060, P, 0, 0
In43, Run: 061, P, 0, 0
In43, Run: 062, P, 0, 2
In43, Run: 063, P, 0, 2
In43, Run: 064, P, 0, 2
In43, Run: 065, P, 0, 4
In43, Run: 066, P, 0, 2
In43, Run: 067, P, 0, 2
In43, Run: 068, P, 0, 0
In43, Run: 069, P, 0, 2
In43, Run: 070, P, 0, 2
In43, Run: 071, P, 0, 2
In43, Run: 072, P, 0, 2
In43, Run: 073, P, 0, 2
In43, Run: 074, P, 0, 2
In43, Run: 075, P, 0, 2
In43, Run: 076, P, 0, 2
In43, Run: 077, P, 0, 2
In43, Run: 078, P, 0, 2
In43, Run: 079, P, 0, 2
In43, Run: 080, P, 0, 0
In43, Run: 081, P, 0, 2
In43, Run: 082, P, 0, 0
In43, Run: 083, P, 0, 2
In43, Run: 084, P, 0, 2
In43, Run: 085, P, 0, 2
In43, Run: 086, P, 0, 2
In43, Run: 087, P, 0, 2
In43, Run: 088, P, 0, 0
In43, Run: 089, P, 0, 2
In43, Run: 090, P, 0, 2
In43, Run: 091, P, 0, 4
In43, Run: 092, P, 0, 2
In43, Run: 093, P, 0, 2
In43, Run: 094, P, 0, 2
In43, Run: 095, P, 0, 0
In43, Run: 096, P, 0, 2
In43, Run: 097, P, 0, 2
In43, Run: 098, P, 0, 2
In43, Run: 099, P, 0, 2
In43, Run: 100, P, 0, 0
